t / s	v / rad/s
0,0	
0,1	0,0
0,2	0,0
0,3	0,0
0,4	0,0
0,5	0,0
0,6	0,0
0,7	0,0
0,8	0,0
0,9	0,0
1,0	0,0
1,1	0,0
1,2	0,0
1,3	0,0
1,4	0,0
1,5	0,0
1,6	0,0
1,7	0,0
1,8	0,0
1,9	0,0
2,0	0,0
2,1	0,0
2,2	0,1
2,3	1,2
2,4	3,6
2,5	5,8
2,6	7,4
2,7	8,2
2,8	8,1
2,9	7,1
3,0	5,4
3,1	3,0
3,2	0,2
3,3	-2,5
3,4	-5,0
3,5	-6,9
3,6	-8,0
3,7	-8,2
3,8	-7,5
3,9	-6,1
4,0	-3,9
4,1	-1,4
4,2	1,4
4,3	3,9
4,4	6,0
4,5	7,5
4,6	8,2
4,7	8,0
4,8	6,8
4,9	4,9
5,0	2,5
5,1	-0,2
5,2	-2,9
5,3	-5,3
5,4	-7,0
5,5	-8,0
5,6	-8,1
5,7	-7,3
5,8	-5,7
5,9	-3,5
6,0	-1,0
6,1	1,8
6,2	4,3
6,3	6,3
6,4	7,6
6,5	8,1
6,6	7,7
6,7	6,5
6,8	4,5
6,9	2,1
7,0	-0,7
7,1	-3,3
7,2	-5,6
7,3	-7,2
7,4	-8,1
7,5	-7,9
7,6	-7,0
7,7	-5,3
7,8	-3,1
7,9	-0,5
8,0	2,2
8,1	4,7
8,2	6,5
8,3	7,7
8,4	8,1
8,5	7,5
8,6	6,2
8,7	4,1
8,8	1,6
8,9	-1,1
9,0	-3,7
9,1	-5,9
9,2	-7,4
9,3	-8,0
9,4	-7,8
9,5	-6,7
9,6	-4,9
9,7	-2,6
9,8	0,0
9,9	2,6
10,0	4,9
10,1	6,7
10,2	7,8
10,3	8,0
10,4	7,3
10,5	5,8
10,6	3,7
10,7	1,2
10,8	-1,6
10,9	-4,1
11,0	-6,1
11,1	-7,4
11,2	-8,0
11,3	-7,6
11,4	-6,5
11,5	-4,5
11,6	-2,2
11,7	0,4
11,8	3,0
11,9	5,3
12,0	6,9
12,1	7,8
12,2	7,9
12,3	7,1
12,4	5,4
12,5	3,2
12,6	0,7
12,7	-1,9
12,8	-4,4
12,9	-6,3
13,0	-7,5
13,1	-7,9
13,2	-7,4
13,3	-6,1
13,4	-4,2
13,5	-1,7
13,6	0,8
13,7	3,3
13,8	5,5
13,9	7,1
14,0	7,8
14,1	7,7
14,2	6,8
14,3	5,1
14,4	2,9
14,5	0,2
14,6	-2,4
14,7	-4,6
14,8	-6,5
14,9	-7,6
15,0	-7,8
15,1	-7,2
15,2	-5,8
15,3	-3,8
15,4	-1,3
15,5	1,2
15,6	3,7
15,7	5,8
15,8	7,1
15,9	7,8
16,0	7,6
16,1	6,5
16,2	4,7
16,3	2,4
16,4	-0,1
16,5	-2,7
16,6	-5,0
16,7	-6,7
16,8	-7,6
16,9	-7,7
17,0	-7,0
17,1	-5,5
17,2	-3,4
17,3	-0,9
17,4	1,7
17,5	4,0
17,6	6,0
17,7	7,3
17,8	7,8
17,9	7,4
18,0	6,2
18,1	4,3
18,2	2,0
18,3	-0,6
18,4	-3,2
18,5	-5,3
18,6	-6,8
18,7	-7,6
18,8	-7,6
18,9	-6,7
19,0	-5,1
19,1	-2,9
19,2	-0,5
19,3	2,1
19,4	4,4
19,5	6,2
19,6	7,4
19,7	7,7
19,8	7,2
19,9	5,9
20,0	3,9
20,1	1,5
20,2	-1,0
20,3	-3,4
20,4	-5,5
20,5	-7,0
20,6	-7,7
20,7	-7,4
20,8	-6,5
20,9	-4,7
21,0	-2,5
21,1	-0,1
21,2	2,4
21,3	4,7
21,4	6,3
21,5	7,4
21,6	7,6
21,7	7,0
21,8	5,5
21,9	3,5
22,0	1,1
22,1	-1,4
22,2	-3,8
22,3	-5,7
22,4	-7,0
22,5	-7,6
22,6	-7,3
22,7	-6,2
22,8	-4,4
22,9	-2,2
23,0	0,4
23,1	2,8
23,2	5,0
23,3	6,5
23,4	7,4
23,5	7,5
23,6	6,8
23,7	5,2
23,8	3,1
23,9	0,8
24,0	-1,8
24,1	-4,1
24,2	-5,9
24,3	-7,1
24,4	-7,6
24,5	-7,1
24,6	-5,9
24,7	-4,0
24,8	-1,8
24,9	0,8
25,0	3,1
25,1	5,1
25,2	6,7
25,3	7,5
25,4	7,4
25,5	6,5
25,6	4,9
25,7	2,7
25,8	0,4
25,9	-2,1
26,0	-4,4
26,1	-6,1
26,2	-7,2
26,3	-7,5
26,4	-6,9
26,5	-5,6
26,6	-3,6
26,7	-1,3
26,8	1,1
26,9	3,5
27,0	5,4
27,1	6,8
27,2	7,4
27,3	7,2
27,4	6,3
27,5	4,5
27,6	2,3
27,7	-0,1
27,8	-2,5
27,9	-4,7
28,0	-6,3
28,1	-7,2
28,2	-7,4
28,3	-6,7
28,4	-5,3
28,5	-3,2
28,6	-1,0
28,7	1,4
28,8	3,8
28,9	5,7
29,0	6,9
29,1	7,3
29,2	7,1
29,3	6,0
29,4	4,2
29,5	1,9
29,6	-0,4
29,7	-2,8
29,8	-5,0
29,9	-6,5
30,0	-7,3
30,1	-7,3
30,2	-6,5
30,3	-4,9
30,4	-2,9
30,5	-0,5
30,6	1,8
30,7	4,0
30,8	5,8
30,9	7,0
31,0	7,3
31,1	6,9
31,2	5,7
31,3	3,9
31,4	1,6
31,5	-0,9
31,6	-3,2
31,7	-5,2
31,8	-6,6
31,9	-7,2
32,0	-7,1
32,1	-6,2
32,2	-4,6
32,3	-2,6
32,4	-0,2
32,5	2,2
32,6	4,3
32,7	6,0
32,8	7,0
32,9	7,2
33,0	6,7
33,1	5,4
33,2	3,5
33,3	1,2
33,4	-1,3
33,5	-3,6
33,6	-5,4
33,7	-6,7
33,8	-7,2
33,9	-7,0
34,0	-6,0
34,1	-4,3
34,2	-2,1
34,3	0,2
34,4	2,5
34,5	4,6
34,6	6,1
34,7	7,0
34,8	7,2
34,9	6,5
35,0	5,2
35,1	3,1
35,2	0,8
35,3	-1,6
35,4	-3,8
35,5	-5,6
35,6	-6,8
35,7	-7,2
35,8	-6,8
35,9	-5,7
36,0	-3,9
36,1	-1,8
36,2	0,5
36,3	2,9
36,4	4,8
36,5	6,3
36,6	7,1
36,7	7,1
36,8	6,3
36,9	4,8
37,0	2,7
37,1	0,5
37,2	-1,9
37,3	-4,1
37,4	-5,8
37,5	-6,8
37,6	-7,2
37,7	-6,6
37,8	-5,4
37,9	-3,6
38,0	-1,4
38,1	0,9
38,2	3,2
38,3	5,1
38,4	6,4
38,5	7,1
38,6	6,9
38,7	6,0
38,8	4,5
38,9	2,4
39,0	0,0
39,1	-2,2
39,2	-4,3
39,3	-6,0
39,4	-6,9
39,5	-7,0
39,6	-6,4
39,7	-5,2
39,8	-3,2
39,9	-1,0
40,0	1,2
40,1	3,4
40,2	5,3
40,3	6,5
40,4	7,0
40,5	6,8
40,6	5,8
40,7	4,1
40,8	2,0
40,9	-0,3
41,0	-2,6
41,1	-4,6
41,2	-6,1
41,3	-6,9
41,4	-6,9
41,5	-6,2
41,6	-4,8
41,7	-2,9
41,8	-0,7
41,9	1,6
42,0	3,7
42,1	5,5
42,2	6,6
42,3	7,0
42,4	6,6
42,5	5,5
42,6	3,8
42,7	1,6
42,8	-0,6
42,9	-2,9
43,0	-4,9
43,1	-6,2
43,2	-6,9
43,3	-6,8
43,4	-6,0
43,5	-4,5
43,6	-2,6
43,7	-0,3
43,8	1,9
43,9	4,0
44,0	5,6
44,1	6,6
44,2	6,9
44,3	6,4
44,4	5,3
44,5	3,5
44,6	1,3
44,7	-1,0
44,8	-3,2
44,9	-5,0
45,0	-6,3
45,1	-6,9
45,2	-6,7
45,3	-5,7
45,4	-4,2
45,5	-2,2
45,6	0,0
45,7	2,3
45,8	4,3
45,9	5,8
46,0	6,7
46,1	6,9
46,2	6,2
46,3	4,9
46,4	3,2
46,5	0,9
46,6	-1,4
46,7	-3,5
46,8	-5,2
46,9	-6,4
47,0	-6,9
47,1	-6,6
47,2	-5,5
47,3	-3,8
47,4	-1,8
47,5	0,4
47,6	2,6
47,7	4,4
47,8	5,9
47,9	6,7
48,0	6,7
48,1	6,1
48,2	4,6
48,3	2,7
48,4	0,6
48,5	-1,7
48,6	-3,8
48,7	-5,4
48,8	-6,5
48,9	-6,8
49,0	-6,3
49,1	-5,3
49,2	-3,6
49,3	-1,5
49,4	0,7
49,5	2,9
49,6	4,7
49,7	6,0
49,8	6,7
49,9	6,7
50,0	5,8
50,1	4,4
50,2	2,4
50,3	0,2
50,4	-2,0
50,5	-4,0
50,6	-5,5
50,7	-6,5
50,8	-6,8
50,9	-6,2
51,0	-5,0
51,1	-3,3
51,2	-1,1
51,3	1,1
51,4	3,1
51,5	4,9
51,6	6,1
51,7	6,7
51,8	6,5
51,9	5,6
52,0	4,1
52,1	2,0
52,2	-0,1
52,3	-2,3
52,4	-4,2
52,5	-5,7
52,6	-6,5
52,7	-6,6
52,8	-6,0
52,9	-4,7
53,0	-2,9
53,1	-0,9
53,2	1,3
53,3	3,5
53,4	5,1
53,5	6,2
53,6	6,7
53,7	6,4
53,8	5,3
53,9	3,8
54,0	1,8
54,1	-0,5
54,2	-2,6
54,3	-4,5
54,4	-5,8
54,5	-6,5
54,6	-6,5
54,7	-5,8
54,8	-4,4
54,9	-2,6
55,0	-0,5
55,1	1,6
55,2	3,7
55,3	5,2
55,4	6,3
55,5	6,6
55,6	6,2
55,7	5,1
55,8	3,4
55,9	1,4
56,0	-0,8
56,1	-2,9
56,2	-4,7
56,3	-5,9
56,4	-6,5
56,5	-6,4
56,6	-5,6
56,7	-4,2
56,8	-2,3
56,9	-0,1
57,0	2,0
57,1	3,9
57,2	5,4
57,3	6,3
57,4	6,5
57,5	6,0
57,6	4,9
57,7	3,1
57,8	1,0
57,9	-1,1
58,0	-3,1
58,1	-4,9
58,2	-6,0
58,3	-6,5
58,4	-6,3
58,5	-5,4
58,6	-3,9
58,7	-1,9
58,8	0,1
58,9	2,3
59,0	4,1
59,1	5,5
59,2	6,3
59,3	6,4
59,4	5,8
59,5	4,5
59,6	2,8
59,7	0,8
59,8	-1,4
59,9	-3,4
60,0	-5,0
60,1	-6,1
60,2	-6,5
60,3	-6,1
60,4	-5,1
60,5	-3,5
60,6	-1,6
60,7	0,5
60,8	2,6
60,9	4,3
61,0	5,6
61,1	6,3
61,2	6,3
61,3	5,6
61,4	4,3
61,5	2,6
61,6	0,4
61,7	-1,8
61,8	-3,6
61,9	-5,1
62,0	-6,1
62,1	-6,4
62,2	-6,0
62,3	-4,9
62,4	-3,3
62,5	-1,3
62,6	0,8
62,7	2,8
62,8	4,6
62,9	5,7
63,0	6,3
63,1	6,2
63,2	5,4
63,3	4,0
63,4	2,2
63,5	0,1
63,6	-2,0
63,7	-3,8
63,8	-5,3
63,9	-6,2
64,0	-6,3
64,1	-5,8
64,2	-4,6
64,3	-3,0
64,4	-1,0
64,5	1,1
64,6	3,0
64,7	4,7
64,8	5,8
64,9	6,3
65,0	6,1
65,1	5,2
65,2	3,8
65,3	1,9
65,4	-0,2
65,5	-2,2
65,6	-4,1
65,7	-5,4
65,8	-6,1
65,9	-6,2
66,0	-5,6
66,1	-4,4
66,2	-2,7
66,3	-0,6
66,4	1,4
66,5	3,3
66,6	4,8
66,7	5,9
66,8	6,2
66,9	5,9
67,0	5,0
67,1	3,4
67,2	1,6
67,3	-0,5
67,4	-2,5
67,5	-4,3
67,6	-5,6
67,7	-6,2
67,8	-6,1
67,9	-5,4
68,0	-4,2
68,1	-2,3
68,2	-0,3
68,3	1,7
68,4	3,5
68,5	5,0
68,6	5,9
68,7	6,2
68,8	5,8
68,9	4,7
69,0	3,1
69,1	1,2
69,2	-0,8
69,3	-2,8
69,4	-4,4
69,5	-5,6
69,6	-6,2
69,7	-6,0
69,8	-5,2
69,9	-3,8
70,0	-2,0
70,1	-0,1
70,2	2,0
70,3	3,7
70,4	5,1
70,5	6,0
70,6	6,1
70,7	5,6
70,8	4,5
70,9	2,8
71,0	1,0
71,1	-1,1
71,2	-3,0
71,3	-4,6
71,4	-5,7
71,5	-6,1
71,6	-5,9
71,7	-5,0
71,8	-3,6
71,9	-1,8
72,0	0,2
72,1	2,2
72,2	3,9
72,3	5,2
72,4	6,0
72,5	6,0
72,6	5,4
72,7	4,2
72,8	2,5
72,9	0,6
73,0	-1,4
73,1	-3,2
73,2	-4,7
73,3	-5,7
73,4	-6,1
73,5	-5,7
73,6	-4,7
73,7	-3,3
73,8	-1,5
73,9	0,5
74,0	2,5
74,1	4,1
74,2	5,3
74,3	5,9
74,4	5,9
74,5	5,3
74,6	4,0
74,7	2,3
74,8	0,3
74,9	-1,7
75,0	-3,4
75,1	-4,9
75,2	-5,8
75,3	-6,0
75,4	-5,6
75,5	-4,5
75,6	-3,0
75,7	-1,2
75,8	0,8
75,9	2,7
76,0	4,3
76,1	5,4
76,2	5,9
76,3	5,8
76,4	5,1
76,5	3,7
76,6	2,0
76,7	0,0
76,8	-1,9
76,9	-3,6
77,0	-5,0
77,1	-5,8
77,2	-6,0
77,3	-5,4
77,4	-4,3
77,5	-2,8
77,6	-0,9
77,7	1,1
77,8	2,9
77,9	4,4
78,0	5,5
78,1	5,9
78,2	5,7
78,3	4,9
78,4	3,4
78,5	1,6
78,6	-0,3
78,7	-2,1
78,8	-3,9
78,9	-5,1
79,0	-5,8
79,1	-5,9
79,2	-5,2
79,3	-4,1
79,4	-2,4
79,5	-0,5
79,6	1,3
79,7	3,1
79,8	4,6
79,9	5,6
80,0	5,9
80,1	5,5
80,2	4,6
80,3	3,2
80,4	1,4
80,5	-0,6
80,6	-2,4
80,7	-4,0
80,8	-5,2
80,9	-5,8
81,0	-5,7
81,1	-5,0
81,2	-3,8
81,3	-2,1
81,4	-0,3
81,5	1,6
81,6	3,3
81,7	4,7
81,8	5,6
81,9	5,8
82,0	5,4
82,1	4,4
82,2	2,9
82,3	1,2
82,4	-0,8
82,5	-2,7
82,6	-4,2
82,7	-5,3
82,8	-5,7
82,9	-5,6
83,0	-4,9
83,1	-3,6
83,2	-1,9
83,3	0,0
83,4	1,9
83,5	3,5
83,6	4,8
83,7	5,6
83,8	5,7
83,9	5,2
84,0	4,2
84,1	2,6
84,2	0,8
84,3	-1,0
84,4	-2,8
84,5	-4,4
84,6	-5,4
84,7	-5,7
84,8	-5,4
84,9	-4,7
85,0	-3,3
85,1	-1,6
85,2	0,3
85,3	2,1
85,4	3,7
85,5	4,9
85,6	5,5
85,7	5,6
85,8	5,1
85,9	3,9
86,0	2,4
86,1	0,5
86,2	-1,3
86,3	-3,1
86,4	-4,5
86,5	-5,3
86,6	-5,6
86,7	-5,4
86,8	-4,4
86,9	-3,1
87,0	-1,3
87,1	0,6
87,2	2,4
87,3	3,8
87,4	5,0
87,5	5,6
87,6	5,5
87,7	4,9
87,8	3,7
87,9	2,1
88,0	0,2
88,1	-1,6
88,2	-3,2
88,3	-4,6
88,4	-5,4
88,5	-5,6
88,6	-5,2
88,7	-4,2
88,8	-2,8
88,9	-1,0
89,0	0,8
89,1	2,5
89,2	4,1
89,3	5,1
89,4	5,5
89,5	5,4
89,6	4,7
89,7	3,4
89,8	1,8
89,9	0,0
90,0	-1,8
90,1	-3,4
90,2	-4,7
90,3	-5,4
90,4	-5,5
90,5	-5,0
90,6	-4,0
90,7	-2,5
90,8	-0,7
90,9	1,1
91,0	2,8
91,1	4,2
91,2	5,1
91,3	5,5
91,4	5,3
91,5	4,4
91,6	3,1
91,7	1,6
91,8	-0,3
91,9	-2,0
92,0	-3,6
92,1	-4,8
92,2	-5,4
92,3	-5,4
92,4	-4,9
92,5	-3,8
92,6	-2,2
92,7	-0,5
92,8	1,3
92,9	3,0
93,0	4,3
93,1	5,1
93,2	5,5
93,3	5,2
93,4	4,2
93,5	2,9
93,6	1,2
93,7	-0,5
93,8	-2,3
93,9	-3,8
94,0	-4,8
94,1	-5,4
94,2	-5,4
94,3	-4,6
94,4	-3,5
94,5	-1,9
94,6	-0,2
94,7	1,5
94,8	3,1
94,9	4,4
95,0	5,2
95,1	5,4
95,2	5,0
95,3	4,1
95,4	2,7
95,5	1,0
95,6	-0,8
95,7	-2,5
95,8	-3,9
95,9	-4,9
96,0	-5,4
96,1	-5,2
96,2	-4,4
96,3	-3,3
96,4	-1,7
96,5	0,0
96,6	1,8
96,7	3,3
96,8	4,5
96,9	5,2
97,0	5,3
97,1	4,9
97,2	3,8
97,3	2,4
97,4	0,7
97,5	-1,0
97,6	-2,7
97,7	-4,0
97,8	-4,9
97,9	-5,3
98,0	-5,1
98,1	-4,3
98,2	-3,1
98,3	-1,5
98,4	0,3
98,5	2,0
98,6	3,4
98,7	4,6
98,8	5,2
98,9	5,2
99,0	4,6
99,1	3,6
99,2	2,2
99,3	0,5
99,4	-1,3
99,5	-2,8
99,6	-4,1
99,7	-5,0
99,8	-5,2
99,9	-5,0
100,0	-4,1
100,1	-2,8
100,2	-1,2
100,3	0,5
100,4	2,2
100,5	3,6
100,6	4,7
100,7	5,1
100,8	5,1
100,9	4,5
101,0	3,4
101,1	2,0
101,2	0,2
101,3	-1,5
101,4	-3,0
101,5	-4,3
101,6	-5,0
101,7	-5,1
101,8	-4,8
101,9	-3,9
102,0	-2,5
102,1	-1,0
102,2	0,7
102,3	2,4
102,4	3,8
102,5	4,7
102,6	5,1
102,7	5,0
102,8	4,4
102,9	3,2
103,0	1,7
103,1	0,0
103,2	-1,7
103,3	-3,2
103,4	-4,3
103,5	-5,0
103,6	-5,1
103,7	-4,7
103,8	-3,7
103,9	-2,3
104,0	-0,6
104,1	1,0
104,2	2,6
104,3	3,8
104,4	4,7
104,5	5,1
104,6	4,9
104,7	4,2
104,8	2,9
104,9	1,5
105,0	-0,3
105,1	-2,0
105,2	-3,4
105,3	-4,4
105,4	-5,0
105,5	-5,0
105,6	-4,5
105,7	-3,4
105,8	-2,0
105,9	-0,5
106,0	1,2
106,1	2,7
106,2	4,0
106,3	4,7
106,4	5,0
106,5	4,8
106,6	4,0
106,7	2,7
106,8	1,2
106,9	-0,5
107,0	-2,1
107,1	-3,5
107,2	-4,5
107,3	-4,9
107,4	-4,9
107,5	-4,3
107,6	-3,2
107,7	-1,8
107,8	-0,2
107,9	1,4
108,0	2,9
108,1	4,1
108,2	4,8
108,3	4,9
108,4	4,6
108,5	3,8
108,6	2,5
108,7	0,9
108,8	-0,7
108,9	-2,4
109,0	-3,6
109,1	-4,5
109,2	-4,9
109,3	-4,8
109,4	-4,1
109,5	-3,0
109,6	-1,6
109,7	0,1
109,8	1,6
109,9	3,1
110,0	4,1
110,1	4,8
110,2	4,9
110,3	4,5
110,4	3,5
110,5	2,2
110,6	0,6
110,7	-1,0
110,8	-2,5
110,9	-3,7
111,0	-4,6
111,1	-4,9
111,2	-4,7
111,3	-4,0
111,4	-2,8
111,5	-1,3
111,6	0,3
111,7	1,9
111,8	3,2
111,9	4,2
112,0	4,8
112,1	4,8
112,2	4,3
112,3	3,3
112,4	2,0
112,5	0,4
112,6	-1,2
112,7	-2,6
112,8	-3,9
112,9	-4,6
113,0	-4,9
113,1	-4,6
113,2	-3,8
113,3	-2,6
113,4	-1,1
113,5	0,6
113,6	2,1
113,7	3,4
113,8	4,3
113,9	4,7
114,0	4,7
114,1	4,2
114,2	3,1
114,3	1,8
114,4	0,2
114,5	-1,4
114,6	-2,9
114,7	-4,0
114,8	-4,6
114,9	-4,8
115,0	-4,5
115,1	-3,5
115,2	-2,4
115,3	-0,9
115,4	0,7
115,5	2,2
115,6	3,4
115,7	4,4
115,8	4,8
115,9	4,6
116,0	4,0
116,1	2,9
116,2	1,5
116,3	-0,1
116,4	-1,6
116,5	-3,0
116,6	-4,0
116,7	-4,6
116,8	-4,7
116,9	-4,3
117,0	-3,4
117,1	-2,1
117,2	-0,6
117,3	0,9
117,4	2,4
117,5	3,6
117,6	4,4
117,7	4,7
117,8	4,5
117,9	3,8
118,0	2,8
118,1	1,2
118,2	-0,3
118,3	-1,8
118,4	-3,1
118,5	-4,1
118,6	-4,7
118,7	-4,6
118,8	-4,1
118,9	-3,2
119,0	-1,9
119,1	-0,4
119,2	1,1
119,3	2,6
119,4	3,7
119,5	4,4
119,6	4,7
119,7	4,4
119,8	3,6
119,9	2,5
120,0	1,0
120,1	-0,5
120,2	-2,0
120,3	-3,3
120,4	-4,2
120,5	-4,6
120,6	-4,6
120,7	-4,0
120,8	-3,0
120,9	-1,7
121,0	-0,1
121,1	1,4
121,2	2,8
121,3	3,8
121,4	4,4
121,5	4,6
121,6	4,3
121,7	3,5
121,8	2,3
121,9	0,8
122,0	-0,8
122,1	-2,2
122,2	-3,4
122,3	-4,2
122,4	-4,6
122,5	-4,5
122,6	-3,8
122,7	-2,8
122,8	-1,4
122,9	0,0
123,0	1,6
123,1	2,9
123,2	3,9
123,3	4,5
123,4	4,5
123,5	4,1
123,6	3,3
123,7	2,0
123,8	0,6
123,9	-0,9
124,0	-2,4
124,1	-3,5
124,2	-4,3
124,3	-4,6
124,4	-4,3
124,5	-3,6
124,6	-2,5
124,7	-1,2
124,8	0,3
124,9	1,7
125,0	3,1
125,1	3,9
125,2	4,5
125,3	4,5
125,4	4,0
125,5	3,1
125,6	1,8
125,7	0,4
125,8	-1,2
125,9	-2,5
126,0	-3,6
126,1	-4,3
126,2	-4,5
126,3	-4,2
126,4	-3,5
126,5	-2,3
126,6	-1,0
126,7	0,5
126,8	1,9
126,9	3,2
127,0	4,0
127,1	4,4
127,2	4,4
127,3	3,8
127,4	2,9
127,5	1,6
127,6	0,1
127,7	-1,3
127,8	-2,7
127,9	-3,7
128,0	-4,3
128,1	-4,4
128,2	-4,1
128,3	-3,3
128,4	-2,1
128,5	-0,8
128,6	0,7
128,7	2,1
128,8	3,3
128,9	4,1
129,0	4,4
129,1	4,3
129,2	3,7
129,3	2,6
129,4	1,4
129,5	-0,1
129,6	-1,6
129,7	-2,8
129,8	-3,7
129,9	-4,3
130,0	-4,3
130,1	-3,9
130,2	-3,1
130,3	-1,9
130,4	-0,6
130,5	0,9
130,6	2,3
130,7	3,4
130,8	4,1
130,9	4,4
131,0	4,2
131,1	3,5
131,2	2,4
131,3	1,1
131,4	-0,2
131,5	-1,7
131,6	-3,0
131,7	-3,8
131,8	-4,3
131,9	-4,3
132,0	-3,8
132,1	-2,9
132,2	-1,7
132,3	-0,4
132,4	1,1
132,5	2,4
132,6	3,4
132,7	4,2
132,8	4,3
132,9	4,0
133,0	3,3
133,1	2,2
133,2	0,9
133,3	-0,5
133,4	-1,9
133,5	-3,1
133,6	-3,9
133,7	-4,3
133,8	-4,2
133,9	-3,6
134,0	-2,7
134,1	-1,5
134,2	-0,1
134,3	1,3
134,4	2,5
134,5	3,5
134,6	4,1
134,7	4,3
134,8	3,9
134,9	3,2
135,0	2,0
135,1	0,6
135,2	-0,7
135,3	-2,1
135,4	-3,2
135,5	-4,0
135,6	-4,3
135,7	-4,1
135,8	-3,5
135,9	-2,6
136,0	-1,3
136,1	0,1
136,2	1,5
136,3	2,7
136,4	3,6
136,5	4,2
136,6	4,2
136,7	3,8
136,8	3,0
136,9	1,8
137,0	0,5
137,1	-0,9
137,2	-2,3
137,3	-3,3
137,4	-3,9
137,5	-4,2
137,6	-4,0
137,7	-3,3
137,8	-2,3
137,9	-1,1
138,0	0,3
138,1	1,7
138,2	2,9
138,3	3,7
138,4	4,1
138,5	4,1
138,6	3,7
138,7	2,8
138,8	1,6
138,9	0,3
139,0	-1,1
139,1	-2,4
139,2	-3,3
139,3	-3,9
139,4	-4,2
139,5	-3,9
139,6	-3,2
139,7	-2,2
139,8	-0,9
139,9	0,6
140,0	1,8
140,1	2,9
140,2	3,7
140,3	4,1
140,4	4,0
140,5	3,5
140,6	2,6
140,7	1,4
140,8	0,0
140,9	-1,3
141,0	-2,5
141,1	-3,4
141,2	-4,0
141,3	-4,1
141,4	-3,8
141,5	-3,0
141,6	-1,9
141,7	-0,7
141,8	0,7
141,9	2,0
142,0	3,1
142,1	3,8
142,2	4,0
142,3	3,9
142,4	3,4
142,5	2,4
142,6	1,2
142,7	-0,2
142,8	-1,5
142,9	-2,6
143,0	-3,5
143,1	-4,0
143,2	-4,1
143,3	-3,6
143,4	-2,8
143,5	-1,7
143,6	-0,4
143,7	0,9
143,8	2,1
143,9	3,1
144,0	3,8
144,1	4,0
144,2	3,8
144,3	3,2
144,4	2,3
144,5	1,0
144,6	-0,3
144,7	-1,6
144,8	-2,8
144,9	-3,6
145,0	-4,0
145,1	-4,0
145,2	-3,5
145,3	-2,6
145,4	-1,5
145,5	-0,3
145,6	1,1
145,7	2,3
145,8	3,2
145,9	3,8
146,0	4,0
146,1	3,7
146,2	3,0
146,3	2,1
146,4	0,8
146,5	-0,6
146,6	-1,8
146,7	-2,8
146,8	-3,6
146,9	-3,9
147,0	-3,8
147,1	-3,3
147,2	-2,5
147,3	-1,4
147,4	0,0
147,5	1,2
147,6	2,4
147,7	3,4
147,8	3,8
147,9	3,9
148,0	3,6
148,1	2,9
148,2	1,9
148,3	0,6
148,4	-0,8
148,5	-1,9
148,6	-3,0
148,7	-3,6
148,8	-3,9
148,9	-3,8
149,0	-3,2
149,1	-2,3
149,2	-1,1
149,3	0,1
149,4	1,5
149,5	2,5
149,6	3,3
149,7	3,8
149,8	3,9
149,9	3,5
150,0	2,7
150,1	1,7
150,2	0,4
150,3	-0,9
150,4	-2,1
150,5	-3,0
150,6	-3,7
150,7	-3,9
150,8	-3,7
150,9	-3,0
151,0	-2,1
151,1	-1,0
151,2	0,3
151,3	1,6
151,4	2,7
151,5	3,4
151,6	3,8
151,7	3,8
151,8	3,3
151,9	2,5
152,0	1,5
152,1	0,2
152,2	-1,1
152,3	-2,2
152,4	-3,1
152,5	-3,7
152,6	-3,8
152,7	-3,6
152,8	-2,9
152,9	-1,9
153,0	-0,7
153,1	0,5
153,2	1,7
153,3	2,8
153,4	3,4
153,5	3,8
153,6	3,7
153,7	3,2
153,8	2,4
153,9	1,2
154,0	0,0
154,1	-1,2
154,2	-2,3
154,3	-3,2
154,4	-3,7
154,5	-3,8
154,6	-3,4
154,7	-2,7
154,8	-1,7
154,9	-0,6
155,0	0,6
155,1	1,8
155,2	2,8
155,3	3,5
155,4	3,7
155,5	3,6
155,6	3,1
155,7	2,1
155,8	1,1
155,9	-0,1
156,0	-1,4
156,1	-2,5
156,2	-3,2
156,3	-3,7
156,4	-3,7
156,5	-3,3
156,6	-2,6
156,7	-1,5
156,8	-0,3
156,9	0,8
157,0	2,0
157,1	2,9
157,2	3,5
157,3	3,7
157,4	3,5
157,5	3,0
157,6	2,0
157,7	0,8
157,8	-0,3
157,9	-1,5
158,0	-2,6
158,1	-3,3
158,2	-3,6
158,3	-3,6
158,4	-3,2
158,5	-2,4
158,6	-1,4
158,7	-0,2
158,8	1,0
158,9	2,1
159,0	3,0
159,1	3,5
159,2	3,7
159,3	3,4
159,4	2,7
159,5	1,8
159,6	0,8
159,7	-0,5
159,8	-1,7
159,9	-2,7
160,0	-3,3
160,1	-3,6
160,2	-3,5
160,3	-3,0
160,4	-2,3
160,5	-1,2
160,6	0,0
160,7	1,2
160,8	2,2
160,9	3,0
161,0	3,5
161,1	3,6
161,2	3,3
161,3	2,6
161,4	1,6
161,5	0,5
161,6	-0,6
161,7	-1,8
161,8	-2,8
161,9	-3,3
162,0	-3,6
162,1	-3,5
162,2	-2,9
162,3	-2,0
162,4	-1,0
162,5	0,2
162,6	1,3
162,7	2,3
162,8	3,1
162,9	3,5
163,0	3,5
163,1	3,2
163,2	2,5
163,3	1,4
163,4	0,3
163,5	-0,8
163,6	-1,9
163,7	-2,8
163,8	-3,4
163,9	-3,6
164,0	-3,3
164,1	-2,7
164,2	-1,9
164,3	-0,8
164,4	0,4
164,5	1,5
164,6	2,5
164,7	3,1
164,8	3,4
164,9	3,5
165,0	3,1
165,1	2,3
165,2	1,3
165,3	0,2
165,4	-1,0
165,5	-2,0
165,6	-2,9
165,7	-3,4
165,8	-3,5
165,9	-3,2
166,0	-2,6
166,1	-1,7
166,2	-0,6
166,3	0,5
166,4	1,6
166,5	2,5
166,6	3,1
166,7	3,5
166,8	3,3
166,9	2,9
167,0	2,1
167,1	1,1
167,2	0,0
167,3	-1,1
167,4	-2,1
167,5	-2,9
167,6	-3,4
167,7	-3,5
167,8	-3,1
167,9	-2,4
168,0	-1,5
168,1	-0,5
168,2	0,7
168,3	1,7
168,4	2,6
168,5	3,2
168,6	3,5
168,7	3,3
168,8	2,8
168,9	1,9
169,0	0,9
169,1	-0,2
169,2	-1,2
169,3	-2,3
169,4	-2,9
169,5	-3,3
169,6	-3,4
169,7	-3,0
169,8	-2,3
169,9	-1,4
170,0	-0,4
170,1	0,8
170,2	1,9
170,3	2,7
170,4	3,2
170,5	3,4
170,6	3,1
170,7	2,6
170,8	1,8
170,9	0,7
171,0	-0,4
171,1	-1,4
171,2	-2,3
171,3	-3,0
171,4	-3,3
171,5	-3,3
171,6	-2,8
171,7	-2,2
171,8	-1,2
171,9	-0,1
172,0	1,0
172,1	2,0
172,2	2,7
172,3	3,2
172,4	3,3
172,5	3,0
172,6	2,4
172,7	1,6
172,8	0,6
172,9	-0,5
173,0	-1,5
173,1	-2,4
173,2	-3,0
173,3	-3,3
173,4	-3,2
173,5	-2,7
173,6	-2,0
173,7	-1,0
173,8	0,0
173,9	1,1
174,0	2,0
174,1	2,8
174,2	3,2
174,3	3,2
174,4	2,9
174,5	2,3
174,6	1,4
174,7	0,5
174,8	-0,7
174,9	-1,7
175,0	-2,5
175,1	-3,0
175,2	-3,2
175,3	-3,1
175,4	-2,6
175,5	-1,8
175,6	-0,9
175,7	0,2
175,8	1,2
175,9	2,1
176,0	2,8
176,1	3,2
176,2	3,2
176,3	2,8
176,4	2,1
176,5	1,3
176,6	0,3
176,7	-0,8
176,8	-1,8
176,9	-2,5
177,0	-3,0
177,1	-3,2
177,2	-3,0
177,3	-2,5
177,4	-1,7
177,5	-0,7
177,6	0,3
177,7	1,4
177,8	2,2
177,9	2,8
178,0	3,1
178,1	3,1
178,2	2,8
178,3	2,0
178,4	1,1
178,5	0,1
178,6	-0,9
178,7	-1,8
178,8	-2,6
178,9	-3,0
179,0	-3,1
179,1	-2,9
179,2	-2,4
179,3	-1,5
179,4	-0,5
179,5	0,5
179,6	1,5
179,7	2,3
179,8	2,8
179,9	3,1
180,0	3,0
180,1	2,6
180,2	1,9
180,3	1,0
180,4	-0,1
180,5	-1,1
180,6	-1,9
180,7	-2,7
180,8	-3,0
180,9	-3,1
181,0	-2,8
181,1	-2,2
181,2	-1,4
181,3	-0,3
181,4	0,6
181,5	1,6
181,6	2,4
181,7	2,9
181,8	3,0
181,9	2,9
182,0	2,5
182,1	1,8
182,2	0,9
182,3	-0,2
182,4	-1,2
182,5	-2,1
182,6	-2,7
182,7	-3,0
182,8	-3,0
182,9	-2,7
183,0	-2,0
183,1	-1,2
183,2	-0,2
183,3	0,7
183,4	1,6
183,5	2,4
183,6	2,9
183,7	3,0
183,8	2,8
183,9	2,4
184,0	1,6
184,1	0,6
184,2	-0,3
184,3	-1,3
184,4	-2,1
184,5	-2,7
184,6	-3,0
184,7	-2,9
184,8	-2,5
184,9	-1,9
185,0	-1,1
185,1	-0,1
185,2	0,9
185,3	1,8
185,4	2,4
185,5	2,8
185,6	2,9
185,7	2,7
185,8	2,2
185,9	1,4
186,0	0,4
186,1	-0,4
186,2	-1,4
186,3	-2,2
186,4	-2,6
186,5	-2,9
186,6	-2,8
186,7	-2,4
186,8	-1,8
186,9	-0,9
187,0	0,1
187,1	1,0
187,2	1,9
187,3	2,5
187,4	2,8
187,5	2,9
187,6	2,6
187,7	2,1
187,8	1,3
187,9	0,3
188,0	-0,6
188,1	-1,5
188,2	-2,2
188,3	-2,7
188,4	-2,9
188,5	-2,7
188,6	-2,3
188,7	-1,6
188,8	-0,7
188,9	0,2
189,0	1,1
189,1	1,9
189,2	2,5
189,3	2,8
189,4	2,8
189,5	2,5
189,6	1,9
189,7	1,1
189,8	0,2
189,9	-0,8
190,0	-1,6
190,1	-2,3
190,2	-2,6
190,3	-2,8
190,4	-2,7
190,5	-2,1
190,6	-1,4
190,7	-0,6
190,8	0,4
190,9	1,2
191,0	2,0
191,1	2,6
191,2	2,8
191,3	2,7
191,4	2,4
191,5	1,8
191,6	0,9
191,7	0,1
191,8	-0,9
191,9	-1,6
192,0	-2,3
192,1	-2,7
192,2	-2,7
192,3	-2,5
192,4	-2,0
192,5	-1,3
192,6	-0,5
192,7	0,5
192,8	1,3
192,9	2,0
193,0	2,6
193,1	2,7
193,2	2,6
193,3	2,3
193,4	1,6
193,5	0,8
193,6	0,0
193,7	-1,0
193,8	-1,8
193,9	-2,3
194,0	-2,7
194,1	-2,7
194,2	-2,4
194,3	-1,9
194,4	-1,2
194,5	-0,3
194,6	0,6
194,7	1,4
194,8	2,0
194,9	2,6
195,0	2,7
195,1	2,6
195,2	2,2
195,3	1,5
195,4	0,7
195,5	-0,2
195,6	-1,1
195,7	-1,8
195,8	-2,3
195,9	-2,6
196,0	-2,6
196,1	-2,3
196,2	-1,8
196,3	-1,0
196,4	-0,2
196,5	0,7
196,6	1,5
196,7	2,1
196,8	2,5
196,9	2,7
197,0	2,4
197,1	2,0
197,2	1,4
197,3	0,5
197,4	-0,4
197,5	-1,2
197,6	-1,9
197,7	-2,4
197,8	-2,6
197,9	-2,5
198,0	-2,2
198,1	-1,6
198,2	-0,9
198,3	0,0
198,4	0,8
198,5	1,6
198,6	2,2
198,7	2,5
198,8	2,5
198,9	2,4
199,0	1,9
199,1	1,2
199,2	0,4
199,3	-0,5
199,4	-1,3
199,5	-1,9
199,6	-2,3
199,7	-2,6
199,8	-2,5
199,9	-2,1
200,0	-1,5
200,1	-0,7
200,2	0,1
200,3	1,0
200,4	1,7
200,5	2,2
200,6	2,5
200,7	2,5
200,8	2,2
200,9	1,8
201,0	1,1
201,1	0,3
201,2	-0,6
201,3	-1,4
201,4	-2,0
201,5	-2,4
201,6	-2,5
201,7	-2,3
201,8	-2,0
201,9	-1,3
202,0	-0,6
202,1	0,2
202,2	1,1
202,3	1,8
202,4	2,2
202,5	2,4
202,6	2,5
202,7	2,2
202,8	1,6
202,9	0,9
203,0	0,1
203,1	-0,7
203,2	-1,4
203,3	-2,0
203,4	-2,4
203,5	-2,4
203,6	-2,2
203,7	-1,9
203,8	-1,2
203,9	-0,4
204,0	0,4
204,1	1,1
204,2	1,8
204,3	2,3
204,4	2,4
204,5	2,3
204,6	2,0
204,7	1,5
204,8	0,8
204,9	0,0
205,0	-0,8
205,1	-1,5
205,2	-2,1
205,3	-2,3
205,4	-2,4
205,5	-2,2
205,6	-1,7
205,7	-1,1
205,8	-0,3
205,9	0,4
206,0	1,2
206,1	1,8
206,2	2,2
206,3	2,4
206,4	2,2
206,5	1,9
206,6	1,4
206,7	0,6
206,8	-0,2
206,9	-0,9
207,0	-1,6
207,1	-2,1
207,2	-2,3
207,3	-2,3
207,4	-2,1
207,5	-1,6
207,6	-0,9
207,7	-0,2
207,8	0,5
207,9	1,3
208,0	1,9
208,1	2,2
208,2	2,3
208,3	2,2
208,4	1,9
208,5	1,2
208,6	0,6
208,7	-0,3
208,8	-1,0
208,9	-1,6
209,0	-2,1
209,1	-2,3
209,2	-2,2
209,3	-2,0
209,4	-1,5
209,5	-0,8
209,6	-0,1
209,7	0,6
209,8	1,4
209,9	1,9
210,0	2,2
210,1	2,3
210,2	2,1
210,3	1,7
210,4	1,1
210,5	0,4
210,6	-0,4
210,7	-1,1
210,8	-1,7
210,9	-2,1
211,0	-2,2
211,1	-2,1
211,2	-1,9
211,3	-1,4
211,4	-0,7
211,5	0,0
211,6	0,8
211,7	1,4
211,8	1,9
211,9	2,2
212,0	2,2
212,1	2,1
212,2	1,6
212,3	1,0
212,4	0,3
212,5	-0,5
212,6	-1,2
212,7	-1,7
212,8	-2,1
212,9	-2,2
213,0	-2,1
213,1	-1,7
213,2	-1,2
213,3	-0,6
213,4	0,2
213,5	0,9
213,6	1,4
213,7	1,9
213,8	2,2
213,9	2,1
214,0	1,9
214,1	1,5
214,2	0,9
214,3	0,1
214,4	-0,6
214,5	-1,2
214,6	-1,7
214,7	-2,1
214,8	-2,2
214,9	-2,0
215,0	-1,7
215,1	-1,2
215,2	-0,4
215,3	0,3
215,4	1,0
215,5	1,5
215,6	1,9
215,7	2,2
215,8	2,1
215,9	1,9
216,0	1,4
216,1	0,7
216,2	0,0
216,3	-0,7
216,4	-1,3
216,5	-1,8
216,6	-2,1
216,7	-2,1
216,8	-2,0
216,9	-1,5
217,0	-1,0
217,1	-0,3
217,2	0,4
217,3	1,0
217,4	1,6
217,5	1,9
217,6	2,1
217,7	2,1
217,8	1,8
217,9	1,3
218,0	0,6
218,1	-0,1
218,2	-0,8
218,3	-1,4
218,4	-1,8
218,5	-2,0
218,6	-2,1
218,7	-1,8
218,8	-1,4
218,9	-0,9
219,0	-0,2
219,1	0,5
219,2	1,1
219,3	1,6
219,4	2,0
219,5	2,1
219,6	2,0
219,7	1,6
219,8	1,1
219,9	0,5
220,0	-0,2
220,1	-0,9
220,2	-1,4
220,3	-1,8
220,4	-2,0
220,5	-2,0
220,6	-1,7
220,7	-1,4
220,8	-0,8
220,9	-0,1
221,0	0,5
221,1	1,1
221,2	1,6
221,3	2,0
221,4	2,0
221,5	1,8
221,6	1,6
221,7	1,0
221,8	0,4
221,9	-0,3
222,0	-0,9
222,1	-1,4
222,2	-1,8
222,3	-2,0
222,4	-1,9
222,5	-1,7
222,6	-1,3
222,7	-0,6
222,8	0,0
222,9	0,6
223,0	1,3
223,1	1,7
223,2	2,0
223,3	2,0
223,4	1,8
223,5	1,4
223,6	0,9
223,7	0,3
223,8	-0,4
223,9	-1,0
224,0	-1,5
224,1	-1,8
224,2	-2,0
224,3	-1,9
224,4	-1,6
224,5	-1,1
224,6	-0,6
224,7	0,1
224,8	0,8
224,9	1,3
225,0	1,7
225,1	1,9
225,2	1,9
225,3	1,7
225,4	1,4
225,5	0,8
225,6	0,2
225,7	-0,5
225,8	-1,1
225,9	-1,5
226,0	-1,9
226,1	-2,0
226,2	-1,8
226,3	-1,5
226,4	-1,0
226,5	-0,4
226,6	0,2
226,7	0,8
226,8	1,4
226,9	1,7
227,0	1,9
227,1	1,9
227,2	1,7
227,3	1,3
227,4	0,7
227,5	0,0
227,6	-0,5
227,7	-1,1
227,8	-1,6
227,9	-1,9
228,0	-1,9
228,1	-1,8
228,2	-1,4
228,3	-0,9
228,4	-0,3
228,5	0,3
228,6	0,9
228,7	1,4
228,8	1,7
228,9	1,9
229,0	1,8
229,1	1,5
229,2	1,1
229,3	0,6
229,4	0,0
229,5	-0,6
229,6	-1,2
229,7	-1,6
229,8	-1,8
229,9	-1,8
230,0	-1,7
230,1	-1,3
230,2	-0,8
230,3	-0,2
230,4	0,4
230,5	1,0
230,6	1,4
230,7	1,7
230,8	1,9
230,9	1,8
231,0	1,5
231,1	1,0
231,2	0,4
231,3	-0,2
231,4	-0,7
231,5	-1,2
231,6	-1,6
231,7	-1,8
231,8	-1,8
231,9	-1,6
232,0	-1,2
232,1	-0,7
232,2	-0,1
232,3	0,5
232,4	1,0
232,5	1,4
232,6	1,7
232,7	1,8
232,8	1,6
232,9	1,4
233,0	1,0
233,1	0,4
233,2	-0,2
233,3	-0,8
233,4	-1,3
233,5	-1,6
233,6	-1,8
233,7	-1,8
233,8	-1,4
233,9	-1,1
234,0	-0,6
234,1	0,0
234,2	0,6
234,3	1,1
234,4	1,5
234,5	1,7
234,6	1,7
234,7	1,6
234,8	1,3
234,9	0,8
235,0	0,3
235,1	-0,3
235,2	-0,9
235,3	-1,4
235,4	-1,6
235,5	-1,8
235,6	-1,7
235,7	-1,4
235,8	-1,0
235,9	-0,5
236,0	0,1
236,1	0,7
236,2	1,1
236,3	1,5
236,4	1,7
236,5	1,7
236,6	1,6
236,7	1,1
236,8	0,7
236,9	0,2
237,0	-0,4
237,1	-1,0
237,2	-1,4
237,3	-1,6
237,4	-1,7
237,5	-1,6
237,6	-1,3
237,7	-0,8
237,8	-0,4
237,9	0,1
238,0	0,7
238,1	1,2
238,2	1,5
238,3	1,7
238,4	1,7
238,5	1,4
238,6	1,0
238,7	0,6
238,8	0,1
238,9	-0,5
239,0	-1,0
239,1	-1,3
239,2	-1,6
239,3	-1,7
239,4	-1,6
239,5	-1,2
239,6	-0,8
239,7	-0,3
239,8	0,3
239,9	0,8
240,0	1,2
240,1	1,5
240,2	1,7
240,3	1,6
240,4	1,4
240,5	1,0
240,6	0,5
240,7	0,0
240,8	-0,6
240,9	-1,0
241,0	-1,4
241,1	-1,6
241,2	-1,6
241,3	-1,5
241,4	-1,2
241,5	-0,7
241,6	-0,2
241,7	0,4
241,8	0,9
241,9	1,2
242,0	1,5
242,1	1,6
242,2	1,5
242,3	1,3
242,4	0,9
242,5	0,4
242,6	-0,1
242,7	-0,6
242,8	-1,1
242,9	-1,4
243,0	-1,6
243,1	-1,6
243,2	-1,3
243,3	-1,0
243,4	-0,6
243,5	-0,1
243,6	0,5
243,7	0,9
243,8	1,3
243,9	1,5
244,0	1,6
244,1	1,5
244,2	1,2
244,3	0,8
244,4	0,3
244,5	-0,2
244,6	-0,7
244,7	-1,2
244,8	-1,4
244,9	-1,5
245,0	-1,5
245,1	-1,3
245,2	-1,0
245,3	-0,5
245,4	0,0
245,5	0,5
245,6	1,0
245,7	1,3
245,8	1,5
245,9	1,5
246,0	1,4
246,1	1,2
246,2	0,7
246,3	0,2
246,4	-0,3
246,5	-0,7
246,6	-1,1
246,7	-1,4
246,8	-1,6
246,9	-1,5
247,0	-1,2
247,1	-0,9
247,2	-0,4
247,3	0,1
247,4	0,5
247,5	1,0
247,6	1,3
247,7	1,5
247,8	1,5
247,9	1,3
248,0	1,1
248,1	0,6
248,2	0,1
248,3	-0,4
248,4	-0,8
248,5	-1,2
248,6	-1,4
248,7	-1,5
248,8	-1,4
248,9	-1,1
249,0	-0,8
249,1	-0,4
249,2	0,2
249,3	0,6
249,4	1,0
249,5	1,3
249,6	1,5
249,7	1,4
249,8	1,3
249,9	1,0
250,0	0,5
250,1	0,0
250,2	-0,4
250,3	-0,9
250,4	-1,2
250,5	-1,4
250,6	-1,4
250,7	-1,3
250,8	-1,1
250,9	-0,7
251,0	-0,3
251,1	0,2
251,2	0,7
251,3	1,1
251,4	1,3
251,5	1,4
251,6	1,4
251,7	1,2
251,8	0,9
251,9	0,4
252,0	0,0
252,1	-0,4
252,2	-0,9
252,3	-1,3
252,4	-1,4
252,5	-1,4
252,6	-1,3
252,7	-1,0
252,8	-0,6
252,9	-0,2
253,0	0,3
253,1	0,7
253,2	1,1
253,3	1,3
253,4	1,4
253,5	1,4
253,6	1,1
253,7	0,7
253,8	0,4
253,9	-0,1
254,0	-0,6
254,1	-1,0
254,2	-1,2
254,3	-1,3
254,4	-1,4
254,5	-1,2
254,6	-0,9
254,7	-0,5
254,8	-0,1
254,9	0,4
255,0	0,8
255,1	1,0
255,2	1,3
255,3	1,4
255,4	1,3
255,5	1,0
255,6	0,6
255,7	0,3
255,8	-0,2
255,9	-0,6
256,0	-1,0
256,1	-1,3
256,2	-1,3
256,3	-1,3
256,4	-1,1
256,5	-0,8
256,6	-0,5
256,7	0,0
256,8	0,4
256,9	0,8
257,0	1,2
257,1	1,2
257,2	1,3
257,3	1,2
257,4	0,9
257,5	0,6
257,6	0,2
257,7	-0,2
257,8	-0,6
257,9	-1,0
258,0	-1,2
258,1	-1,3
258,2	-1,2
258,3	-1,1
258,4	-0,8
258,5	-0,3
258,6	0,0
258,7	0,5
258,8	0,9
258,9	1,2
259,0	1,3
259,1	1,2
259,2	1,1
259,3	0,9
259,4	0,5
259,5	0,1
259,6	-0,3
259,7	-0,7
259,8	-1,0
259,9	-1,2
260,0	-1,3
260,1	-1,2
260,2	-1,0
260,3	-0,6
260,4	-0,2
260,5	0,1
260,6	0,5
260,7	0,9
260,8	1,1
260,9	1,2
261,0	1,2
261,1	1,1
261,2	0,8
261,3	0,4
261,4	0,0
261,5	-0,3
261,6	-0,7
261,7	-1,1
261,8	-1,2
261,9	-1,2
262,0	-1,1
262,1	-0,9
262,2	-0,6
262,3	-0,2
262,4	0,2
262,5	0,6
262,6	0,9
262,7	1,1
262,8	1,2
262,9	1,2
263,0	1,0
263,1	0,7
263,2	0,4
263,3	0,0
263,4	-0,4
263,5	-0,8
263,6	-1,0
263,7	-1,2
263,8	-1,2
263,9	-1,0
264,0	-0,8
264,1	-0,6
264,2	-0,2
264,3	0,3
264,4	0,7
264,5	0,9
264,6	1,1
264,7	1,2
264,8	1,1
264,9	0,9
265,0	0,7
265,1	0,3
265,2	-0,1
265,3	-0,5
265,4	-0,8
265,5	-1,1
265,6	-1,2
265,7	-1,1
265,8	-1,0
265,9	-0,8
266,0	-0,5
266,1	-0,1
266,2	0,4
266,3	0,7
266,4	1,0
266,5	1,2
266,6	1,1
266,7	1,0
266,8	0,9
266,9	0,6
267,0	0,2
267,1	-0,2
267,2	-0,6
267,3	-0,8
267,4	-1,1
267,5	-1,2
267,6	-1,1
267,7	-0,9
267,8	-0,7
267,9	-0,4
268,0	0,0
268,1	0,4
268,2	0,7
268,3	1,0
268,4	1,1
268,5	1,2
268,6	1,0
268,7	0,8
268,8	0,6
268,9	0,1
269,0	-0,2
269,1	-0,6
269,2	-0,9
269,3	-1,1
269,4	-1,1
269,5	-1,0
269,6	-0,9
269,7	-0,7
269,8	-0,3
269,9	0,1
270,0	0,4
270,1	0,7
270,2	0,9
270,3	1,1
270,4	1,1
270,5	1,0
270,6	0,8
270,7	0,4
270,8	0,1
270,9	-0,3
271,0	-0,6
271,1	-0,8
271,2	-1,0
271,3	-1,1
271,4	-1,0
271,5	-0,8
271,6	-0,6
271,7	-0,2
271,8	0,2
271,9	0,5
272,0	0,7
272,1	0,9
272,2	1,1
272,3	1,0
272,4	0,9
272,5	0,7
272,6	0,3
272,7	0,0
272,8	-0,3
272,9	-0,7
273,0	-0,9
273,1	-1,1
273,2	-1,0
273,3	-0,9
273,4	-0,7
273,5	-0,4
273,6	-0,1
273,7	0,1
273,8	0,5
273,9	0,8
274,0	1,0
274,1	1,0
274,2	0,9
274,3	0,9
274,4	0,6
274,5	0,2
274,6	-0,1
274,7	-0,4
274,8	-0,7
274,9	-0,8
275,0	-1,0
275,1	-1,0
275,2	-0,8
275,3	-0,7
275,4	-0,5
275,5	-0,1
275,6	0,3
275,7	0,5
275,8	0,8
275,9	0,9
276,0	1,0
276,1	1,0
276,2	0,8
276,3	0,6
276,4	0,2
276,5	-0,1
276,6	-0,4
276,7	-0,7
276,8	-0,9
276,9	-0,9
277,0	-0,9
277,1	-0,9
277,2	-0,7
277,3	-0,3
277,4	0,0
277,5	0,3
277,6	0,6
277,7	0,8
277,8	0,9
277,9	0,9
278,0	0,8
278,1	0,8
278,2	0,5
278,3	0,1
278,4	-0,1
278,5	-0,5
278,6	-0,8
278,7	-0,8
278,8	-0,9
278,9	-1,0
279,0	-0,8
279,1	-0,5
279,2	-0,3
279,3	0,1
279,4	0,4
279,5	0,6
279,6	0,8
279,7	0,9
279,8	0,9
279,9	0,8
280,0	0,7
280,1	0,4
280,2	0,1
280,3	-0,2
280,4	-0,4
280,5	-0,8
280,6	-0,9
280,7	-0,9
280,8	-0,9
280,9	-0,8
281,0	-0,5
281,1	-0,2
281,2	0,1
281,3	0,4
281,4	0,6
281,5	0,8
281,6	0,9
281,7	0,9
281,8	0,8
281,9	0,6
282,0	0,3
282,1	0,0
282,2	-0,3
282,3	-0,6
282,4	-0,8
282,5	-0,8
282,6	-0,8
282,7	-0,9
282,8	-0,7
282,9	-0,5
283,0	-0,2
283,1	0,1
283,2	0,5
283,3	0,6
283,4	0,8
283,5	0,9
283,6	0,8
283,7	0,7
283,8	0,5
283,9	0,3
284,0	0,0
284,1	-0,3
284,2	-0,5
284,3	-0,7
284,4	-0,8
284,5	-0,9
284,6	-0,8
284,7	-0,6
284,8	-0,3
284,9	-0,1
285,0	0,2
285,1	0,4
285,2	0,6
285,3	0,8
285,4	0,9
285,5	0,8
285,6	0,7
285,7	0,5
285,8	0,2
285,9	-0,1
286,0	-0,3
286,1	-0,6
286,2	-0,8
286,3	-0,9
286,4	-0,9
286,5	-0,7
286,6	-0,5
286,7	-0,3
286,8	-0,1
286,9	0,2
287,0	0,5
287,1	0,7
287,2	0,8
287,3	0,8
287,4	0,8
287,5	0,7
287,6	0,4
287,7	0,1
287,8	-0,1
287,9	-0,3
288,0	-0,6
288,1	-0,8
288,2	-0,8
288,3	-0,7
288,4	-0,7
288,5	-0,5
288,6	-0,3
288,7	0,0
288,8	0,3
288,9	0,5
289,0	0,7
289,1	0,8
289,2	0,8
289,3	0,7
289,4	0,5
289,5	0,3
289,6	0,1
289,7	-0,1
289,8	-0,4
289,9	-0,6
290,0	-0,7
290,1	-0,8
290,2	-0,8
290,3	-0,6
290,4	-0,4
290,5	-0,2
290,6	0,1
290,7	0,3
290,8	0,5
290,9	0,6
291,0	0,8
291,1	0,8
291,2	0,6
291,3	0,5
291,4	0,3
291,5	0,1
291,6	-0,2
291,7	-0,4
291,8	-0,6
291,9	-0,8
292,0	-0,8
292,1	-0,7
292,2	-0,6
292,3	-0,3
292,4	-0,1
292,5	0,1
292,6	0,3
292,7	0,5
292,8	0,7
292,9	0,7
293,0	0,7
293,1	0,6
293,2	0,5
293,3	0,2
293,4	0,0
293,5	-0,2
293,6	-0,4
293,7	-0,6
293,8	-0,7
293,9	-0,7
294,0	-0,7
294,1	-0,5
294,2	-0,3
294,3	-0,1
294,4	0,1
294,5	0,3
294,6	0,5
294,7	0,7
294,8	0,7
294,9	0,7
295,0	0,6
295,1	0,4
295,2	0,2
295,3	-0,1
295,4	-0,2
295,5	-0,4
295,6	-0,7
295,7	-0,7
295,8	-0,7
295,9	-0,7
296,0	-0,4
296,1	-0,3
296,2	-0,1
296,3	0,2
296,4	0,4
296,5	0,6
296,6	0,7
296,7	0,6
296,8	0,6
296,9	0,6
297,0	0,3
297,1	0,1
297,2	0,0
297,3	-0,3
297,4	-0,5
297,5	-0,6
297,6	-0,6
297,7	-0,6
297,8	-0,6
297,9	-0,4
298,0	-0,2
298,1	0,0
298,2	0,2
298,3	0,4
298,4	0,5
298,5	0,7
298,6	0,7
298,7	0,6
298,8	0,5
298,9	0,2
299,0	0,0
299,1	-0,1
299,2	-0,3
299,3	-0,5
299,4	-0,6
299,5	-0,7
299,6	-0,6
299,7	-0,5
299,8	-0,4
299,9	-0,2
300,0	0,1
300,1	0,2
300,2	0,4
300,3	0,5
300,4	0,6
300,5	0,6
300,6	0,5
300,7	0,5
300,8	0,3
300,9	0,0
301,0	-0,2
301,1	-0,4
301,2	-0,4
301,3	-0,6
301,4	-0,6
301,5	-0,5
301,6	-0,5
301,7	-0,3
301,8	-0,1
301,9	0,1
302,0	0,2
302,1	0,5
302,2	0,6
302,3	0,6
302,4	0,6
302,5	0,6
302,6	0,3
302,7	0,1
302,8	0,0
302,9	-0,2
303,0	-0,3
303,1	-0,5
303,2	-0,6
303,3	-0,6
303,4	-0,6
303,5	-0,4
303,6	-0,2
303,7	0,0
303,8	0,1
303,9	0,3
304,0	0,4
304,1	0,5
304,2	0,6
304,3	0,6
304,4	0,5
304,5	0,3
304,6	0,1
304,7	0,0
304,8	-0,2
304,9	-0,4
305,0	-0,5
305,1	-0,6
305,2	-0,6
305,3	-0,5
305,4	-0,3
305,5	-0,2
305,6	-0,1
305,7	0,2
305,8	0,3
305,9	0,4
306,0	0,5
306,1	0,5
306,2	0,5
306,3	0,4
306,4	0,3
306,5	0,1
306,6	0,0
306,7	-0,3
306,8	-0,4
306,9	-0,5
307,0	-0,5
307,1	-0,5
307,2	-0,5
307,3	-0,3
307,4	-0,2
307,5	0,1
307,6	0,2
307,7	0,3
307,8	0,4
307,9	0,5
308,0	0,6
308,1	0,5
308,2	0,4
308,3	0,2
308,4	0,0
308,5	-0,1
308,6	-0,3
308,7	-0,4
308,8	-0,5
308,9	-0,6
309,0	-0,5
309,1	-0,4
309,2	-0,3
309,3	-0,1
309,4	0,0
309,5	0,2
309,6	0,4
309,7	0,5
309,8	0,5
309,9	0,5
310,0	0,4
310,1	0,3
310,2	0,2
310,3	0,0
310,4	-0,1
310,5	-0,3
310,6	-0,4
310,7	-0,5
310,8	-0,5
310,9	-0,4
311,0	-0,4
311,1	-0,3
311,2	-0,1
311,3	0,1
311,4	0,3
311,5	0,3
311,6	0,4
311,7	0,5
311,8	0,5
311,9	0,4
312,0	0,3
312,1	0,2
312,2	0,0
312,3	-0,2
312,4	-0,3
312,5	-0,4
312,6	-0,4
312,7	-0,5
312,8	-0,4
312,9	-0,3
313,0	-0,2
313,1	0,0
313,2	0,0
313,3	0,2
313,4	0,4
313,5	0,4
313,6	0,5
313,7	0,5
313,8	0,3
313,9	0,3
314,0	0,1
314,1	-0,1
314,2	-0,2
314,3	-0,3
314,4	-0,4
314,5	-0,4
314,6	-0,5
314,7	-0,4
314,8	-0,3
314,9	-0,2
315,0	0,0
315,1	0,1
315,2	0,2
315,3	0,4
315,4	0,4
315,5	0,4
315,6	0,4
315,7	0,3
315,8	0,2
315,9	0,1
316,0	-0,1
316,1	-0,2
316,2	-0,3
316,3	-0,4
316,4	-0,5
316,5	-0,4
316,6	-0,3
316,7	-0,3
316,8	-0,2
316,9	0,0
317,0	0,2
317,1	0,3
317,2	0,3
317,3	0,4
317,4	0,4
317,5	0,4
317,6	0,3
317,7	0,2
317,8	0,1
317,9	-0,1
318,0	-0,2
318,1	-0,4
318,2	-0,4
318,3	-0,4
318,4	-0,4
318,5	-0,3
318,6	-0,2
318,7	-0,1
318,8	0,0
318,9	0,2
319,0	0,3
319,1	0,3
319,2	0,4
319,3	0,4
319,4	0,4
319,5	0,2
319,6	0,1
319,7	0,1
319,8	-0,1
319,9	-0,3
320,0	-0,3
320,1	-0,4
320,2	-0,4
320,3	-0,3
320,4	-0,2
320,5	-0,2
320,6	-0,1
320,7	0,1
320,8	0,2
320,9	0,3
321,0	0,4
321,1	0,4
321,2	0,4
321,3	0,3
321,4	0,2
321,5	0,1
321,6	0,0
321,7	-0,1
321,8	-0,2
321,9	-0,3
322,0	-0,3
322,1	-0,4
322,2	-0,4
322,3	-0,2
322,4	-0,1
322,5	-0,1
322,6	0,1
322,7	0,2
322,8	0,3
322,9	0,3
323,0	0,4
323,1	0,4
323,2	0,3
323,3	0,2
323,4	0,1
323,5	0,0
323,6	-0,1
323,7	-0,3
323,8	-0,3
323,9	-0,3
324,0	-0,3
324,1	-0,3
324,2	-0,2
324,3	-0,1
324,4	0,0
324,5	0,1
324,6	0,2
324,7	0,3
324,8	0,3
324,9	0,3
325,0	0,3
325,1	0,3
325,2	0,2
325,3	0,1
325,4	0,0
325,5	-0,2
325,6	-0,3
325,7	-0,3
325,8	-0,3
325,9	-0,3
326,0	-0,3
326,1	-0,2
326,2	-0,1
326,3	0,0
326,4	0,1
326,5	0,2
326,6	0,3
326,7	0,3
326,8	0,3
326,9	0,3
327,0	0,3
327,1	0,1
327,2	0,0
327,3	-0,1
327,4	-0,1
327,5	-0,2
327,6	-0,3
327,7	-0,3
327,8	-0,3
327,9	-0,3
328,0	-0,2
328,1	0,0
328,2	0,0
328,3	0,1
328,4	0,2
328,5	0,3
328,6	0,4
328,7	0,2
328,8	0,3
328,9	0,3
329,0	0,1
329,1	0,0
329,2	-0,1
329,3	-0,1
329,4	-0,2
329,5	-0,3
329,6	-0,3
329,7	-0,2
329,8	-0,3
329,9	-0,2
330,0	-0,1
330,1	0,1
330,2	0,2
330,3	0,2
330,4	0,2
330,5	0,3
330,6	0,3
330,7	0,2
330,8	0,1
330,9	0,1
331,0	0,0
331,1	-0,1
331,2	-0,1
331,3	-0,3
331,4	-0,3
331,5	-0,3
331,6	-0,2
331,7	-0,2
331,8	-0,2
331,9	0,0
332,0	0,1
332,1	0,2
332,2	0,2
332,3	0,2
332,4	0,3
332,5	0,3
332,6	0,2
332,7	0,1
332,8	0,0
332,9	0,0
333,0	-0,1
333,1	-0,2
333,2	-0,3
333,3	-0,3
333,4	-0,2
333,5	-0,2
333,6	-0,1
333,7	-0,1
333,8	0,0
333,9	0,1
334,0	0,1
334,1	0,2
334,2	0,3
334,3	0,3
334,4	0,3
334,5	0,2
334,6	0,1
334,7	0,0
334,8	0,0
334,9	-0,1
335,0	-0,2
335,1	-0,2
335,2	-0,2
335,3	-0,2
335,4	-0,2
335,5	-0,1
335,6	-0,1
335,7	0,0
335,8	0,1
335,9	0,1
336,0	0,2
336,1	0,2
336,2	0,3
336,3	0,2
336,4	0,1
336,5	0,1
336,6	0,1
336,7	0,0
336,8	-0,1
336,9	-0,2
337,0	-0,2
337,1	-0,2
337,2	-0,2
337,3	-0,1
337,4	-0,1
337,5	-0,1
337,6	0,0
337,7	0,1
337,8	0,1
337,9	0,2
338,0	0,2
338,1	0,2
338,2	0,2
338,3	0,1
338,4	0,1
338,5	0,0
338,6	-0,1
338,7	-0,1
338,8	-0,2
338,9	-0,2
339,0	-0,2
339,1	-0,2
339,2	-0,2
339,3	-0,1
339,4	0,0
339,5	0,0
339,6	0,0
339,7	0,1
339,8	0,2
339,9	0,2
340,0	0,2
340,1	0,2
340,2	0,1
340,3	0,1
340,4	0,0
340,5	0,0
340,6	-0,2
340,7	-0,2
340,8	-0,2
340,9	-0,2
341,0	-0,2
341,1	-0,2
341,2	-0,1
341,3	0,0
341,4	0,0
341,5	0,1
341,6	0,1
341,7	0,1
341,8	0,2
341,9	0,2
342,0	0,1
342,1	0,1
342,2	0,0
342,3	0,0
342,4	0,0
342,5	-0,1
342,6	-0,2
342,7	-0,2
342,8	-0,1
342,9	-0,2
343,0	-0,2
343,1	0,0
343,2	0,0
343,3	0,0
343,4	0,1
343,5	0,2
343,6	0,2
343,7	0,2
343,8	0,2
343,9	0,1
344,0	0,1
344,1	0,0
344,2	0,0
344,3	-0,1
344,4	-0,1
344,5	-0,1
344,6	-0,2
344,7	-0,1
344,8	-0,1
344,9	-0,1
345,0	-0,1
345,1	-0,1
345,2	0,1
345,3	0,2
345,4	0,1
345,5	0,1
345,6	0,1
345,7	0,1
345,8	0,1
345,9	0,0
346,0	0,0
346,1	0,0
346,2	0,0
346,3	-0,1
346,4	-0,1
346,5	-0,1
346,6	-0,1
346,7	-0,1
346,8	-0,1
346,9	-0,1
347,0	0,0
347,1	0,1
347,2	0,1
347,3	0,1
347,4	0,2
347,5	0,1
347,6	0,1
347,7	0,1
347,8	0,0
347,9	0,0
348,0	0,0
348,1	0,0
348,2	-0,1
348,3	-0,1
348,4	-0,1
348,5	-0,1
348,6	-0,1
348,7	0,0
348,8	0,0
348,9	0,0
349,0	0,1
349,1	0,1
349,2	0,0
349,3	0,1
349,4	0,1
349,5	0,1
349,6	0,0
349,7	0,0
349,8	0,0
349,9	0,0
350,0	0,0
350,1	-0,1
350,2	-0,2
350,3	-0,1
350,4	-0,1
350,5	-0,1
350,6	0,0
350,7	0,0
350,8	0,1
350,9	0,1
351,0	0,1
351,1	0,1
351,2	0,1
351,3	0,1
351,4	0,1
351,5	0,0
351,6	0,0
351,7	0,0
351,8	0,0
351,9	-0,1
352,0	-0,1
352,1	-0,1
352,2	0,0
352,3	0,0
352,4	0,0
352,5	-0,1
352,6	0,0
352,7	0,0
352,8	0,1
352,9	0,1
353,0	0,0
353,1	0,1
353,2	0,1
353,3	0,0
353,4	0,0
353,5	0,0
353,6	0,0
353,7	0,0
353,8	0,0
353,9	-0,1
354,0	-0,1
354,1	-0,1
354,2	0,0
354,3	0,0
354,4	0,0
354,5	0,0
354,6	0,0
354,7	0,0
354,8	0,0
354,9	0,1
355,0	0,1
355,1	0,1
355,2	0,0
355,3	0,0
355,4	0,1
355,5	-0,1
355,6	0,0
355,7	0,0
355,8	0,0
355,9	-0,1
356,0	-0,1
356,1	0,0
356,2	0,0
356,3	0,0
356,4	0,0
356,5	0,0
356,6	0,0
356,7	0,0
356,8	0,0
356,9	0,1
357,0	0,1
357,1	0,0
357,2	0,0
357,3	0,0
357,4	0,0
357,5	0,0
357,6	0,0
357,7	0,0
357,8	0,0
357,9	0,0
358,0	0,0
358,1	0,0
358,2	0,0
358,3	0,0
358,4	0,0
358,5	0,0
358,6	0,1
358,7	0,1
358,8	0,0
358,9	0,1
359,0	0,1
359,1	0,0
359,2	0,0
359,3	0,0
359,4	0,0
359,5	0,0
359,6	0,0
359,7	0,0
359,8	0,0
359,9	0,0
360,0	0,0
360,1	0,0
360,2	0,0
360,3	0,0
360,4	0,0
360,5	0,1
360,6	0,1
360,7	0,0
360,8	0,0
360,9	0,0
361,0	0,0
361,1	0,0
361,2	0,0
361,3	0,0
361,4	0,0
361,5	0,0
361,6	0,0
361,7	0,0
361,8	0,0
361,9	0,0
362,0	0,0
362,1	0,0
362,2	0,0
362,3	0,0
362,4	0,0
362,5	0,0
362,6	0,0
362,7	0,0
362,8	0,0
362,9	0,0
363,0	0,0
363,1	0,0
363,2	0,0
363,3	0,0
363,4	0,0
363,5	0,0
363,6	0,0
363,7	0,0
363,8	0,0
363,9	0,0
364,0	0,0
364,1	0,0
364,2	0,0
364,3	0,0
364,4	0,0
364,5	0,0
364,6	0,0
364,7	0,0
364,8	0,0
364,9	0,0
365,0	0,0
365,1	0,0
365,2	0,0
365,3	0,0
365,4	0,0
365,5	0,0
365,6	0,0
365,7	0,0
365,8	0,0
365,9	0,0
366,0	0,0
366,1	0,0
366,2	0,0
366,3	0,0
366,4	0,0
366,5	0,0
366,6	0,0
366,7	0,0
366,8	0,0
366,9	0,0
367,0	0,0
367,1	0,0
367,2	0,0
367,3	0,0
367,4	0,0
367,5	0,0
367,6	0,0
367,7	0,0
367,8	0,0
367,9	0,0
368,0	0,0
368,1	0,0
368,2	0,0
368,3	0,0
368,4	0,0
368,5	0,0
368,6	0,0
368,7	0,0
368,8	0,0
368,9	0,0
369,0	0,0
369,1	0,0
369,2	0,0
369,3	0,0
369,4	0,0
369,5	0,0
369,6	0,0
369,7	0,0
369,8	0,0
369,9	0,0
370,0	0,0
370,1	0,0
370,2	0,0
370,3	0,0
370,4	0,0
370,5	0,0
370,6	0,0
370,7	0,0
370,8	0,0
370,9	0,0
371,0	0,0
371,1	0,0
371,2	0,0
371,3	0,0
371,4	0,0
371,5	0,0
371,6	0,0
371,7	0,0
371,8	0,0
371,9	0,0
372,0	0,0
372,1	0,0
372,2	0,0
372,3	0,0
372,4	0,0
372,5	0,0
372,6	0,0
372,7	0,0
372,8	0,0
372,9	0,0
373,0	0,0
373,1	0,0
373,2	0,0
373,3	0,0
373,4	0,0
373,5	0,0
373,6	0,0
373,7	0,0
373,8	0,0
373,9	0,0
374,0	0,0
374,1	0,0
374,2	0,0
374,3	0,0
374,4	0,0
374,5	0,0
374,6	0,0
374,7	0,0
374,8	0,0
374,9	0,0
375,0	0,0
375,1	0,0
375,2	0,0
375,3	0,0
375,4	0,0
375,5	0,0
375,6	0,0
375,7	0,0
375,8	0,0
375,9	0,0
376,0	0,0
376,1	0,0
376,2	0,0
376,3	0,0
376,4	0,0
376,5	0,0
376,6	0,0
376,7	0,0
376,8	0,0
376,9	0,0
377,0	0,0
377,1	0,0
377,2	0,0
377,3	0,0
377,4	0,0
377,5	0,0
377,6	0,0
377,7	0,0
377,8	0,0
377,9	0,0
378,0	0,0
378,1	0,0
378,2	0,0
378,3	0,0
378,4	0,0
378,5	0,0
378,6	0,0
378,7	0,0
378,8	0,0
378,9	0,0
379,0	0,0
379,1	0,0
379,2	0,0
379,3	0,0
379,4	0,0
379,5	0,0
379,6	0,0
379,7	0,0
379,8	0,0
379,9	0,0
380,0	0,0
380,1	0,0
380,2	0,0
380,3	0,0
380,4	0,0
380,5	0,0
380,6	0,0
380,7	0,0
380,8	0,0
380,9	0,0
381,0	0,0
381,1	0,0
381,2	0,0
381,3	0,0
381,4	0,0
381,5	0,0
381,6	0,0
381,7	0,0
381,8	0,0
381,9	0,0
382,0	0,0
382,1	0,0
382,2	0,0
382,3	0,0
382,4	0,0
382,5	0,0
382,6	0,0
382,7	0,0
382,8	0,0
382,9	0,0
383,0	0,0
383,1	0,0
383,2	0,0
383,3	0,0
383,4	
