t / s	v / rad/s	U_B1 / V
0,0		2,08
0,1	0,5	1,93
0,2	0,1	1,85
0,3	-0,4	1,82
0,4	-0,7	1,85
0,5	-1,0	1,96
0,6	-1,2	2,11
0,7	-1,2	2,29
0,8	-1,1	2,49
0,9	-0,8	2,66
1,0	-0,5	2,80
1,1	0,0	2,88
1,2	0,5	2,89
1,3	0,8	2,83
1,4	1,1	2,70
1,5	1,2	2,53
1,6	1,2	2,34
1,7	1,0	2,15
1,8	0,7	1,99
1,9	0,3	1,88
2,0	-0,1	1,82
2,1	-0,6	1,84
2,2	-1,0	1,91
2,3	-1,2	2,04
2,4	-1,2	2,22
2,5	-1,1	2,41
2,6	-0,9	2,60
2,7	-0,6	2,75
2,8	-0,2	2,86
2,9	0,3	2,90
3,0	0,8	2,86
3,1	1,0	2,76
3,2	1,2	2,60
3,3	1,3	2,42
3,4	1,1	2,22
3,5	0,9	2,05
3,6	0,4	1,91
3,7	0,1	1,83
3,8	-0,4	1,83
3,9	-0,9	1,87
4,0	-1,1	1,99
4,1	-1,3	2,15
4,2	-1,2	2,34
4,3	-1,0	2,53
4,4	-0,7	2,70
4,5	-0,4	2,82
4,6	0,1	2,89
4,7	0,5	2,88
4,8	0,9	2,81
4,9	1,2	2,67
5,0	1,3	2,50
5,1	1,2	2,30
5,2	1,0	2,11
5,3	0,7	1,95
5,4	0,2	1,86
5,5	-0,2	1,82
5,6	-0,6	1,84
5,7	-1,0	1,94
5,8	-1,2	2,08
5,9	-1,3	2,26
6,0	-1,2	2,46
6,1	-0,9	2,63
6,2	-0,6	2,78
6,3	-0,1	2,87
6,4	0,3	2,89
6,5	0,7	2,84
6,6	1,1	2,72
6,7	1,3	2,56
6,8	1,3	2,37
6,9	1,1	2,18
7,0	0,9	2,01
7,1	0,4	1,89
7,2	-0,1	1,82
7,3	-0,4	1,83
7,4	-0,9	1,90
7,5	-1,2	2,02
7,6	-1,2	2,20
7,7	-1,2	2,39
7,8	-1,1	2,58
7,9	-0,8	2,73
8,0	-0,3	2,84
8,1	0,2	2,89
8,2	0,6	2,87
8,3	1,0	2,77
8,4	1,2	2,63
8,5	1,2	2,44
8,6	1,2	2,24
8,7	1,0	2,07
8,8	0,6	1,92
8,9	0,2	1,84
9,0	-0,3	1,82
9,1	-0,8	1,86
9,2	-1,0	1,97
9,3	-1,2	2,13
9,4	-1,3	2,31
9,5	-1,1	2,51
9,6	-0,8	2,68
9,7	-0,4	2,81
9,8	0,0	2,88
9,9	0,4	2,88
10,0	0,8	2,81
10,1	1,1	2,68
10,2	1,2	2,51
10,3	1,2	2,31
10,4	1,0	2,13
10,5	0,7	1,97
10,6	0,4	1,86
10,7	-0,1	1,82
10,8	-0,6	1,83
10,9	-0,9	1,92
11,0	-1,1	2,07
11,1	-1,2	2,24
11,2	-1,2	2,43
11,3	-1,0	2,62
11,4	-0,6	2,77
11,5	-0,2	2,86
11,6	0,3	2,89
11,7	0,7	2,85
11,8	1,0	2,74
11,9	1,1	2,58
12,0	1,2	2,39
12,1	1,1	2,20
12,2	0,9	2,03
12,3	0,5	1,90
12,4	0,1	1,83
12,5	-0,3	1,82
12,6	-0,8	1,89
12,7	-1,1	2,00
12,8	-1,2	2,17
12,9	-1,2	2,36
13,0	-1,0	2,55
13,1	-0,7	2,72
13,2	-0,4	2,83
13,3	0,0	2,89
13,4	0,5	2,88
13,5	0,9	2,79
13,6	1,1	2,65
13,7	1,2	2,46
13,8	1,2	2,27
13,9	1,0	2,09
14,0	0,6	1,94
14,1	0,2	1,85
14,2	-0,2	1,82
14,3	-0,7	1,85
14,4	-1,0	1,95
14,5	-1,1	2,10
14,6	-1,2	2,28
14,7	-1,1	2,48
14,8	-0,9	2,65
14,9	-0,5	2,79
15,0	-0,1	2,87
15,1	0,4	2,89
15,2	0,8	2,83
15,3	1,0	2,71
15,4	1,2	2,54
15,5	1,2	2,34
15,6	1,0	2,15
15,7	0,8	1,99
15,8	0,4	1,88
15,9	0,0	1,82
16,0	-0,6	1,83
16,1	-0,8	1,91
16,2	-1,1	2,04
16,3	-1,3	2,21
16,4	-1,1	2,40
16,5	-0,9	2,58
16,6	-0,7	2,74
16,7	-0,3	2,85
16,8	0,2	2,89
16,9	0,6	2,86
17,0	0,9	2,76
17,1	1,1	2,61
17,2	1,2	2,42
17,3	1,1	2,22
17,4	0,9	2,06
17,5	0,5	1,92
17,6	0,1	1,83
17,7	-0,4	1,82
17,8	-0,8	1,87
17,9	-1,1	1,97
18,0	-1,2	2,14
18,1	-1,2	2,33
18,2	-1,0	2,52
18,3	-0,8	2,69
18,4	-0,4	2,82
18,5	0,0	2,88
18,6	0,5	2,88
18,7	0,9	2,81
18,8	1,1	2,67
18,9	1,2	2,49
19,0	1,1	2,30
19,1	1,0	2,11
19,2	0,7	1,96
19,3	0,3	1,86
19,4	-0,2	1,82
19,5	-0,7	1,84
19,6	-0,9	1,93
19,7	-1,2	2,08
19,8	-1,3	2,25
19,9	-1,1	2,45
20,0	-0,9	2,63
20,1	-0,5	2,77
20,2	-0,1	2,87
20,3	0,3	2,89
20,4	0,7	2,84
20,5	1,0	2,73
20,6	1,2	2,56
20,7	1,2	2,38
20,8	1,0	2,18
20,9	0,8	2,02
21,0	0,4	1,89
21,1	0,0	1,82
21,2	-0,5	1,83
21,3	-0,8	1,89
21,4	-1,1	2,02
21,5	-1,2	2,18
21,6	-1,2	2,37
21,7	-1,0	2,56
21,8	-0,7	2,73
21,9	-0,3	2,83
22,0	0,2	2,89
22,1	0,6	2,87
22,2	0,9	2,78
22,3	1,1	2,63
22,4	1,2	2,45
22,5	1,2	2,26
22,6	0,9	2,07
22,7	0,5	1,93
22,8	0,2	1,84
22,9	-0,3	1,82
23,0	-0,8	1,85
23,1	-1,0	1,96
23,2	-1,2	2,11
23,3	-1,2	2,30
23,4	-1,1	2,49
23,5	-0,8	2,66
23,6	-0,4	2,80
23,7	0,0	2,87
23,8	0,4	2,88
23,9	0,8	2,82
24,0	1,1	2,69
24,1	1,2	2,52
24,2	1,2	2,33
24,3	1,1	2,14
24,4	0,7	1,98
24,5	0,3	1,87
24,6	-0,1	1,82
24,7	-0,6	1,83
24,8	-0,9	1,91
24,9	-1,2	2,05
25,0	-1,3	2,22
25,1	-1,2	2,42
25,2	-1,0	2,60
25,3	-0,6	2,76
25,4	-0,1	2,85
25,5	0,3	2,88
25,6	0,7	2,86
25,7	1,0	2,75
25,8	1,2	2,59
25,9	1,3	2,40
26,0	1,1	2,22
26,1	0,8	2,04
26,2	0,5	1,91
26,3	0,0	1,83
26,4	-0,4	1,83
26,5	-0,8	1,88
26,6	-1,1	1,99
26,7	-1,2	2,15
26,8	-1,2	2,34
26,9	-1,1	2,54
27,0	-0,8	2,70
27,1	-0,3	2,82
27,2	0,1	2,88
27,3	0,5	2,87
27,4	0,9	2,80
27,5	1,1	2,65
27,6	1,2	2,48
27,7	1,2	2,28
27,8	1,0	2,09
27,9	0,7	1,95
28,0	0,3	1,86
28,1	-0,2	1,82
28,2	-0,7	1,85
28,3	-1,0	1,94
28,4	-1,1	2,09
28,5	-1,3	2,27
28,6	-1,2	2,47
28,7	-0,9	2,64
28,8	-0,6	2,78
28,9	-0,1	2,87
29,0	0,3	2,88
29,1	0,8	2,83
29,2	1,0	2,71
29,3	1,2	2,53
29,4	1,3	2,35
29,5	1,1	2,15
29,6	0,8	1,99
29,7	0,4	1,88
29,8	-0,1	1,82
29,9	-0,5	1,82
30,0	-0,9	1,91
30,1	-1,1	2,04
30,2	-1,2	2,21
30,3	-1,2	2,40
30,4	-1,0	2,59
30,5	-0,7	2,74
30,6	-0,3	2,85
30,7	0,2	2,88
30,8	0,6	2,86
30,9	1,0	2,75
31,0	1,2	2,60
31,1	1,2	2,40
31,2	1,1	2,22
31,3	0,9	2,04
31,4	0,5	1,91
31,5	0,1	1,82
31,6	-0,3	1,82
31,7	-0,7	1,87
31,8	-1,0	1,99
31,9	-1,2	2,16
32,0	-1,2	2,35
32,1	-1,1	2,54
32,2	-0,8	2,70
32,3	-0,4	2,82
32,4	0,0	2,89
32,5	0,5	2,87
32,6	0,8	2,80
32,7	1,0	2,65
32,8	1,2	2,47
32,9	1,2	2,28
33,0	0,9	2,09
33,1	0,6	1,95
33,2	0,3	1,85
33,3	-0,1	1,82
33,4	-0,6	1,84
33,5	-0,9	1,95
33,6	-1,1	2,09
33,7	-1,2	2,29
33,8	-1,1	2,47
33,9	-0,9	2,65
34,0	-0,5	2,79
34,1	-0,1	2,87
34,2	0,3	2,88
34,3	0,7	2,83
34,4	0,9	2,71
34,5	1,1	2,54
34,6	1,2	2,35
34,7	1,1	2,16
34,8	0,8	2,00
34,9	0,3	1,88
35,0	-0,1	1,82
35,1	-0,5	1,83
35,2	-0,8	1,90
35,3	-1,0	2,03
35,4	-1,2	2,20
35,5	-1,2	2,40
35,6	-1,0	2,59
35,7	-0,6	2,74
35,8	-0,2	2,85
35,9	0,2	2,88
36,0	0,6	2,86
36,1	0,9	2,76
36,2	1,1	2,61
36,3	1,1	2,42
36,4	1,0	2,23
36,5	0,9	2,05
36,6	0,5	1,91
36,7	0,1	1,84
36,8	-0,3	1,82
36,9	-0,7	1,87
37,0	-1,0	1,98
37,1	-1,2	2,14
37,2	-1,2	2,33
37,3	-1,0	2,52
37,4	-0,8	2,69
37,5	-0,3	2,81
37,6	0,1	2,88
37,7	0,4	2,88
37,8	0,8	2,81
37,9	1,1	2,68
38,0	1,2	2,50
38,1	1,1	2,31
38,2	0,9	2,12
38,3	0,7	1,96
38,4	0,3	1,86
38,5	-0,2	1,82
38,6	-0,6	1,84
38,7	-0,9	1,93
38,8	-1,1	2,07
38,9	-1,2	2,25
39,0	-1,1	2,44
39,1	-0,9	2,62
39,2	-0,5	2,77
39,3	-0,1	2,86
39,4	0,3	2,88
39,5	0,8	2,84
39,6	1,0	2,74
39,7	1,2	2,57
39,8	1,2	2,39
39,9	1,0	2,19
40,0	0,8	2,02
40,1	0,4	1,89
40,2	0,0	1,82
40,3	-0,5	1,82
40,4	-0,9	1,88
40,5	-1,1	2,00
40,6	-1,2	2,17
40,7	-1,1	2,37
40,8	-1,0	2,55
40,9	-0,7	2,71
41,0	-0,3	2,83
41,1	0,2	2,88
41,2	0,6	2,87
41,3	1,0	2,79
41,4	1,1	2,64
41,5	1,3	2,47
41,6	1,1	2,27
41,7	0,9	2,09
41,8	0,6	1,94
41,9	0,2	1,85
42,0	-0,4	1,81
42,1	-0,7	1,85
42,2	-1,0	1,95
42,3	-1,2	2,10
42,4	-1,2	2,28
42,5	-1,1	2,47
42,6	-0,8	2,65
42,7	-0,5	2,79
42,8	0,0	2,87
42,9	0,5	2,88
43,0	0,8	2,83
43,1	1,1	2,70
43,2	1,3	2,53
43,3	1,2	2,34
43,4	1,0	2,15
43,5	0,8	1,99
43,6	0,3	1,88
43,7	-0,2	1,82
43,8	-0,5	1,83
43,9	-0,9	1,91
44,0	-1,2	2,04
44,1	-1,3	2,21
44,2	-1,2	2,40
44,3	-1,0	2,59
44,4	-0,6	2,74
44,5	-0,2	2,85
44,6	0,3	2,88
44,7	0,7	2,86
44,8	1,0	2,75
44,9	1,2	2,60
45,0	1,3	2,42
45,1	1,2	2,22
45,2	0,9	2,06
45,3	0,5	1,91
45,4	0,1	1,83
45,5	-0,4	1,82
45,6	-0,8	1,87
45,7	-1,1	1,98
45,8	-1,3	2,14
45,9	-1,3	2,32
46,0	-1,1	2,52
46,1	-0,8	2,69
46,2	-0,4	2,81
46,3	0,1	2,89
46,4	0,5	2,87
46,5	0,8	2,81
46,6	1,2	2,67
46,7	1,4	2,49
46,8	1,2	2,31
46,9	1,0	2,12
47,0	0,7	1,97
47,1	0,3	1,86
47,2	-0,2	1,82
47,3	-0,6	1,84
47,4	-1,0	1,92
47,5	-1,2	2,08
47,6	-1,3	2,25
47,7	-1,2	2,45
47,8	-1,0	2,62
47,9	-0,6	2,77
48,0	-0,2	2,87
48,1	0,3	2,88
48,2	0,7	2,85
48,3	1,1	2,74
48,4	1,2	2,58
48,5	1,2	2,39
48,6	1,2	2,19
48,7	0,9	2,03
48,8	0,5	1,90
48,9	0,1	1,83
49,0	-0,4	1,82
49,1	-0,9	1,89
49,2	-1,2	2,01
49,3	-1,3	2,18
49,4	-1,2	2,37
49,5	-1,0	2,56
49,6	-0,8	2,72
49,7	-0,4	2,84
49,8	0,2	2,89
49,9	0,6	2,87
50,0	0,9	2,79
50,1	1,2	2,64
50,2	1,3	2,46
50,3	1,2	2,27
50,4	1,0	2,09
50,5	0,6	1,94
50,6	0,2	1,85
50,7	-0,3	1,82
50,8	-0,7	1,85
50,9	-1,0	1,95
51,0	-1,2	2,10
51,1	-1,3	2,29
51,2	-1,1	2,48
51,3	-0,9	2,66
51,4	-0,6	2,80
51,5	-0,1	2,87
51,6	0,4	2,88
51,7	0,8	2,83
51,8	1,1	2,71
51,9	1,2	2,54
52,0	1,3	2,34
52,1	1,0	2,16
52,2	0,8	2,00
52,3	0,4	1,88
52,4	-0,1	1,83
52,5	-0,5	1,84
52,6	-0,9	1,90
52,7	-1,1	2,04
52,8	-1,2	2,21
52,9	-1,2	2,40
53,0	-1,0	2,59
53,1	-0,6	2,75
53,2	-0,2	2,85
53,3	0,2	2,89
53,4	0,6	2,86
53,5	1,0	2,76
53,6	1,2	2,60
53,7	1,2	2,42
53,8	1,1	2,23
53,9	0,9	2,05
54,0	0,6	1,92
54,1	0,1	1,84
54,2	-0,3	1,82
54,3	-0,7	1,87
54,4	-1,1	1,98
54,5	-1,2	2,14
54,6	-1,2	2,33
54,7	-1,1	2,52
54,8	-0,8	2,70
54,9	-0,4	2,82
55,0	0,0	2,88
55,1	0,5	2,88
55,2	0,8	2,80
55,3	1,0	2,67
55,4	1,2	2,49
55,5	1,2	2,30
55,6	1,0	2,11
55,7	0,7	1,96
55,8	0,3	1,86
55,9	-0,1	1,82
56,0	-0,6	1,84
56,1	-1,0	1,93
56,2	-1,2	2,09
56,3	-1,2	2,26
56,4	-1,2	2,46
56,5	-0,9	2,64
56,6	-0,5	2,78
56,7	-0,2	2,87
56,8	0,3	2,89
56,9	0,7	2,84
57,0	1,0	2,72
57,1	1,2	2,55
57,2	1,2	2,36
57,3	1,1	2,17
57,4	0,8	2,00
57,5	0,4	1,88
57,6	0,0	1,82
57,7	-0,4	1,83
57,8	-0,8	1,90
57,9	-1,1	2,03
58,0	-1,2	2,20
58,1	-1,2	2,39
58,2	-1,0	2,58
58,3	-0,7	2,74
58,4	-0,3	2,85
58,5	0,2	2,89
58,6	0,5	2,87
58,7	0,9	2,76
58,8	1,1	2,61
58,9	1,2	2,42
59,0	1,1	2,22
59,1	0,9	2,05
59,2	0,6	1,91
59,3	0,1	1,83
59,4	-0,3	1,83
59,5	-0,7	1,87
59,6	-1,0	1,98
59,7	-1,2	2,15
59,8	-1,1	2,34
59,9	-1,0	2,52
60,0	-0,8	2,69
60,1	-0,4	2,82
60,2	0,1	2,88
60,3	0,4	2,88
60,4	0,8	2,80
60,5	1,1	2,66
60,6	1,1	2,47
60,7	1,2	2,28
60,8	1,0	2,10
60,9	0,6	1,95
61,0	0,2	1,85
61,1	-0,2	1,82
61,2	-0,6	1,84
61,3	-0,8	1,94
61,4	-1,1	2,09
61,5	-1,2	2,27
61,6	-1,1	2,47
61,7	-0,8	2,65
61,8	-0,5	2,79
61,9	-0,1	2,87
62,0	0,3	2,89
62,1	0,7	2,83
62,2	1,0	2,71
62,3	1,1	2,54
62,4	1,1	2,35
62,5	1,0	2,16
62,6	0,7	1,99
62,7	0,4	1,88
62,8	-0,1	1,82
62,9	-0,4	1,83
63,0	-0,8	1,91
63,1	-1,0	2,04
63,2	-1,2	2,21
63,3	-1,1	2,41
63,4	-0,9	2,60
63,5	-0,6	2,75
63,6	-0,3	2,85
63,7	0,2	2,89
63,8	0,6	2,85
63,9	0,9	2,76
64,0	1,1	2,60
64,1	1,2	2,41
64,2	1,1	2,22
64,3	0,8	2,04
64,4	0,4	1,91
64,5	0,1	1,84
64,6	-0,3	1,82
64,7	-0,7	1,87
64,8	-1,0	1,99
64,9	-1,1	2,15
65,0	-1,1	2,33
65,1	-1,0	2,53
65,2	-0,8	2,70
65,3	-0,3	2,82
65,4	0,1	2,88
65,5	0,5	2,88
65,6	0,8	2,80
65,7	1,1	2,66
65,8	1,1	2,48
65,9	1,1	2,29
66,0	0,8	2,10
66,1	0,5	1,95
66,2	0,2	1,85
66,3	-0,2	1,82
66,4	-0,6	1,84
66,5	-0,9	1,94
66,6	-1,1	2,09
66,7	-1,2	2,27
66,8	-1,1	2,46
66,9	-0,8	2,64
67,0	-0,4	2,79
67,1	0,0	2,87
67,2	0,3	2,89
67,3	0,8	2,83
67,4	1,1	2,71
67,5	1,2	2,54
67,6	1,1	2,35
67,7	1,0	2,16
67,8	0,6	2,00
67,9	0,3	1,88
68,0	-0,1	1,82
68,1	-0,5	1,83
68,2	-0,9	1,90
68,3	-1,1	2,03
68,4	-1,2	2,20
68,5	-1,1	2,39
68,6	-0,9	2,58
68,7	-0,6	2,73
68,8	-0,2	2,85
68,9	0,3	2,89
69,0	0,6	2,86
69,1	0,9	2,76
69,2	1,2	2,61
69,3	1,2	2,42
69,4	1,1	2,23
69,5	0,8	2,05
69,6	0,5	1,91
69,7	0,1	1,84
69,8	-0,4	1,81
69,9	-0,8	1,87
70,0	-1,0	1,97
70,1	-1,2	2,14
70,2	-1,2	2,33
70,3	-1,0	2,52
70,4	-0,8	2,69
70,5	-0,3	2,82
70,6	0,1	2,88
70,7	0,5	2,88
70,8	0,9	2,80
70,9	1,2	2,67
71,0	1,2	2,49
71,1	1,1	2,30
71,2	1,0	2,11
71,3	0,7	1,96
71,4		1,86
