t / s	&b_A1 / rad
0,0	-2,59
0,1	-2,60
0,2	-2,58
0,3	-2,58
0,4	-2,58
0,5	-2,58
0,6	-2,58
0,7	-2,58
0,8	-2,58
0,9	-2,58
1,0	-2,58
1,1	-2,58
1,2	-2,58
1,3	-2,58
1,4	-2,58
1,5	-2,58
1,6	-2,58
1,7	-2,58
1,8	-2,58
1,9	-2,57
2,0	-2,57
2,1	-2,58
2,2	-2,57
2,3	-2,57
2,4	-2,56
2,5	-2,57
2,6	-2,57
2,7	-2,51
2,8	-2,26
2,9	-1,78
3,0	-1,11
3,1	-0,32
3,2	0,51
3,3	1,27
3,4	1,90
3,5	2,31
3,6	2,46
3,7	2,33
3,8	1,95
3,9	1,34
4,0	0,59
4,1	-0,22
4,2	-1,01
4,3	-1,67
4,4	-2,17
4,5	-2,41
4,6	-2,41
4,7	-2,13
4,8	-1,63
4,9	-0,96
5,0	-0,17
5,1	0,63
5,2	1,35
5,3	1,92
5,4	2,27
5,5	2,39
5,6	2,22
5,7	1,80
5,8	1,19
5,9	0,46
6,0	-0,33
6,1	-1,09
6,2	-1,72
6,3	-2,17
6,4	-2,37
6,5	-2,32
6,6	-2,01
6,7	-1,49
6,8	-0,81
6,9	-0,04
7,0	0,73
7,1	1,42
7,2	1,94
7,3	2,24
7,4	2,31
7,5	2,11
7,6	1,67
7,7	1,06
7,8	0,31
7,9	-0,44
8,0	-1,17
8,1	-1,75
8,2	-2,15
8,3	-2,30
8,4	-2,21
8,5	-1,89
8,6	-1,35
8,7	-0,67
8,8	0,09
8,9	0,82
9,0	1,47
9,1	1,95
9,2	2,21
9,3	2,23
9,4	1,99
9,5	1,54
9,6	0,92
9,7	0,19
9,8	-0,56
9,9	-1,23
10,0	-1,77
10,1	-2,13
10,2	-2,25
10,3	-2,12
10,4	-1,77
10,5	-1,21
10,6	-0,54
10,7	0,19
10,8	0,90
10,9	1,51
11,0	1,95
11,1	2,16
11,2	2,15
11,3	1,88
11,4	1,41
11,5	0,79
11,6	0,08
11,7	-0,65
11,8	-1,28
11,9	-1,79
12,0	-2,09
12,1	-2,17
12,2	-2,01
12,3	-1,65
12,4	-1,09
12,5	-0,41
12,6	0,31
12,7	0,98
12,8	1,55
12,9	1,94
13,0	2,11
13,1	2,06
13,2	1,77
13,3	1,28
13,4	0,67
13,5	-0,04
13,6	-0,73
13,7	-1,33
13,8	-1,79
13,9	-2,06
14,0	-2,10
14,1	-1,91
14,2	-1,53
14,3	-0,96
14,4	-0,30
14,5	0,39
14,6	1,04
14,7	1,57
14,8	1,92
14,9	2,06
15,0	1,97
15,1	1,66
15,2	1,17
15,3	0,55
15,4	-0,13
15,5	-0,80
15,6	-1,37
15,7	-1,79
15,8	-2,02
15,9	-2,03
16,0	-1,81
16,1	-1,40
16,2	-0,85
16,3	-0,19
16,4	0,48
16,5	1,10
16,6	1,59
16,7	1,90
16,8	2,00
16,9	1,88
17,0	1,55
17,1	1,05
17,2	0,43
17,3	-0,23
17,4	-0,86
17,5	-1,40
17,6	-1,79
17,7	-1,97
17,8	-1,95
17,9	-1,71
18,0	-1,29
18,1	-0,73
18,2	-0,09
18,3	0,56
18,4	1,14
18,5	1,59
18,6	1,87
18,7	1,94
18,8	1,79
18,9	1,44
19,0	0,93
19,1	0,33
19,2	-0,32
19,3	-0,93
19,4	-1,42
19,5	-1,77
19,6	-1,93
19,7	-1,87
19,8	-1,61
19,9	-1,18
20,0	-0,61
20,1	0,02
20,2	0,63
20,3	1,19
20,4	1,60
20,5	1,84
20,6	1,87
20,7	1,70
20,8	1,33
20,9	0,83
21,0	0,23
21,1	-0,39
21,2	-0,97
21,3	-1,45
21,4	-1,76
21,5	-1,87
21,6	-1,79
21,7	-1,51
21,8	-1,06
21,9	-0,51
22,0	0,11
22,1	0,70
22,2	1,22
22,3	1,60
22,4	1,80
22,5	1,80
22,6	1,61
22,7	1,23
22,8	0,72
22,9	0,13
23,0	-0,47
23,1	-1,02
23,2	-1,45
23,3	-1,73
23,4	-1,82
23,5	-1,71
23,6	-1,41
23,7	-0,96
23,8	-0,41
23,9	0,19
24,0	0,76
24,1	1,24
24,2	1,59
24,3	1,76
24,4	1,74
24,5	1,51
24,6	1,13
24,7	0,62
24,8	0,03
24,9	-0,54
25,0	-1,06
25,1	-1,46
25,2	-1,70
25,3	-1,76
25,4	-1,62
25,5	-1,32
25,6	-0,86
25,7	-0,32
25,8	0,27
25,9	0,81
26,0	1,27
26,1	1,58
26,2	1,71
26,3	1,67
26,4	1,43
26,5	1,03
26,6	0,51
26,7	-0,05
26,8	-0,60
26,9	-1,09
27,0	-1,46
27,1	-1,67
27,2	-1,70
27,3	-1,54
27,4	-1,22
27,5	-0,76
27,6	-0,22
27,7	0,34
27,8	0,86
27,9	1,28
28,0	1,56
28,1	1,67
28,2	1,59
28,3	1,34
28,4	0,93
28,5	0,43
28,6	-0,12
28,7	-0,65
28,8	-1,11
28,9	-1,45
29,0	-1,63
29,1	-1,63
29,2	-1,45
29,3	-1,13
29,4	-0,66
29,5	-0,14
29,6	0,40
29,7	0,90
29,8	1,29
29,9	1,54
30,0	1,62
30,1	1,51
30,2	1,24
30,3	0,83
30,4	0,34
30,5	-0,19
30,6	-0,70
30,7	-1,13
30,8	-1,44
30,9	-1,59
31,0	-1,57
31,1	-1,37
31,2	-1,03
31,3	-0,57
31,4	-0,06
31,5	0,46
31,6	0,93
31,7	1,29
31,8	1,51
31,9	1,56
32,0	1,44
32,1	1,16
32,2	0,75
32,3	0,26
32,4	-0,25
32,5	-0,74
32,6	-1,15
32,7	-1,42
32,8	-1,55
32,9	-1,50
33,0	-1,29
33,1	-0,94
33,2	-0,49
33,3	0,02
33,4	0,51
33,5	0,96
33,6	1,29
33,7	1,48
33,8	1,51
33,9	1,36
34,0	1,07
34,1	0,67
34,2	0,18
34,3	-0,32
34,4	-0,78
34,5	-1,16
34,6	-1,41
34,7	-1,50
34,8	-1,44
34,9	-1,20
35,0	-0,85
35,1	-0,40
35,2	0,09
35,3	0,57
35,4	0,98
35,5	1,28
35,6	1,45
35,7	1,45
35,8	1,29
35,9	0,99
36,0	0,58
36,1	0,11
36,2	-0,37
36,3	-0,81
36,4	-1,17
36,5	-1,39
36,6	-1,45
36,7	-1,37
36,8	-1,13
36,9	-0,77
37,0	-0,33
37,1	0,15
37,2	0,61
37,3	1,00
37,4	1,27
37,5	1,41
37,6	1,39
37,7	1,22
37,8	0,91
37,9	0,50
38,0	0,03
38,1	-0,44
38,2	-0,85
38,3	-1,17
38,4	-1,37
38,5	-1,41
38,6	-1,30
38,7	-1,05
38,8	-0,69
38,9	-0,25
39,0	0,22
39,1	0,66
39,2	1,02
39,3	1,27
39,4	1,38
39,5	1,33
39,6	1,14
39,7	0,83
39,8	0,42
39,9	-0,03
40,0	-0,48
40,1	-0,88
40,2	-1,17
40,3	-1,33
40,4	-1,36
40,5	-1,23
40,6	-0,97
40,7	-0,61
40,8	-0,17
40,9	0,27
41,0	0,69
41,1	1,03
41,2	1,25
41,3	1,34
41,4	1,27
41,5	1,07
41,6	0,75
41,7	0,35
41,8	-0,10
41,9	-0,53
42,0	-0,89
42,1	-1,16
42,2	-1,30
42,3	-1,30
42,4	-1,17
42,5	-0,89
42,6	-0,53
42,7	-0,10
42,8	0,33
42,9	0,72
43,0	1,03
43,1	1,23
43,2	1,29
43,3	1,21
43,4	0,99
43,5	0,67
43,6	0,27
43,7	-0,16
43,8	-0,56
43,9	-0,91
44,0	-1,16
44,1	-1,27
44,2	-1,25
44,3	-1,09
44,4	-0,82
44,5	-0,45
44,6	-0,04
44,7	0,37
44,8	0,75
44,9	1,03
45,0	1,21
45,1	1,25
45,2	1,15
45,3	0,92
45,4	0,59
45,5	0,20
45,6	-0,21
45,7	-0,60
45,8	-0,92
45,9	-1,14
46,0	-1,24
46,1	-1,20
46,2	-1,03
46,3	-0,74
46,4	-0,38
46,5	0,02
46,6	0,42
46,7	0,77
46,8	1,03
46,9	1,19
47,0	1,20
47,1	1,09
47,2	0,86
47,3	0,52
47,4	0,14
47,5	-0,26
47,6	-0,63
47,7	-0,93
47,8	-1,13
47,9	-1,20
48,0	-1,14
48,1	-0,96
48,2	-0,68
48,3	-0,31
48,4	0,08
48,5	0,46
48,6	0,79
48,7	1,03
48,8	1,15
48,9	1,15
49,0	1,03
49,1	0,79
49,2	0,45
49,3	0,07
49,4	-0,30
49,5	-0,66
49,6	-0,93
49,7	-1,11
49,8	-1,16
49,9	-1,09
50,0	-0,89
50,1	-0,60
50,2	-0,25
50,3	0,13
50,4	0,49
50,5	0,80
50,6	1,02
50,7	1,13
50,8	1,11
50,9	0,96
51,0	0,72
51,1	0,39
51,2	0,02
51,3	-0,35
51,4	-0,68
51,5	-0,93
51,6	-1,09
51,7	-1,12
51,8	-1,03
51,9	-0,83
52,0	-0,54
52,1	-0,19
52,2	0,18
52,3	0,53
52,4	0,82
52,5	1,01
52,6	1,10
52,7	1,06
52,8	0,91
52,9	0,65
53,0	0,32
53,1	-0,03
53,2	-0,39
53,3	-0,70
53,4	-0,93
53,5	-1,06
53,6	-1,08
53,7	-0,97
53,8	-0,77
53,9	-0,47
54,0	-0,13
54,1	0,23
54,2	0,56
54,3	0,83
54,4	0,99
54,5	1,06
54,6	1,01
54,7	0,84
54,8	0,59
54,9	0,27
55,0	-0,09
55,1	-0,43
55,2	-0,72
55,3	-0,93
55,4	-1,04
55,5	-1,03
55,6	-0,92
55,7	-0,70
55,8	-0,41
55,9	-0,08
56,0	0,27
56,1	0,58
56,2	0,83
56,3	0,98
56,4	1,03
56,5	0,95
56,6	0,79
56,7	0,52
56,8	0,21
56,9	-0,13
57,0	-0,45
57,1	-0,73
57,2	-0,92
57,3	-1,01
57,4	-0,99
57,5	-0,86
57,6	-0,64
57,7	-0,35
57,8	-0,02
57,9	0,31
58,0	0,60
58,1	0,83
58,2	0,96
58,3	0,99
58,4	0,91
58,5	0,73
58,6	0,47
58,7	0,15
58,8	-0,17
58,9	-0,48
59,0	-0,73
59,1	-0,90
59,2	-0,97
59,3	-0,94
59,4	-0,81
59,5	-0,58
59,6	-0,29
59,7	0,03
59,8	0,34
59,9	0,61
60,0	0,82
60,1	0,94
60,2	0,95
60,3	0,86
60,4	0,67
60,5	0,41
60,6	0,11
60,7	-0,21
60,8	-0,50
60,9	-0,73
61,0	-0,89
61,1	-0,94
61,2	-0,89
61,3	-0,74
61,4	-0,52
61,5	-0,24
61,6	0,07
61,7	0,37
61,8	0,63
61,9	0,81
62,0	0,91
62,1	0,91
62,2	0,80
62,3	0,60
62,4	0,35
62,5	0,05
62,6	-0,25
62,7	-0,52
62,8	-0,73
62,9	-0,87
63,0	-0,91
63,1	-0,85
63,2	-0,69
63,3	-0,46
63,4	-0,18
63,5	0,11
63,6	0,39
63,7	0,63
63,8	0,80
63,9	0,88
64,0	0,86
64,1	0,75
64,2	0,55
64,3	0,30
64,4	0,00
64,5	-0,28
64,6	-0,53
64,7	-0,73
64,8	-0,85
64,9	-0,87
65,0	-0,79
65,1	-0,63
65,2	-0,41
65,3	-0,13
65,4	0,15
65,5	0,42
65,6	0,64
65,7	0,79
65,8	0,85
65,9	0,82
66,0	0,70
66,1	0,50
66,2	0,24
66,3	-0,03
66,4	-0,31
66,5	-0,55
66,6	-0,73
66,7	-0,82
66,8	-0,83
66,9	-0,75
67,0	-0,58
67,1	-0,35
67,2	-0,09
67,3	0,19
67,4	0,44
67,5	0,63
67,6	0,77
67,7	0,82
67,8	0,77
67,9	0,64
68,0	0,44
68,1	0,19
68,2	-0,08
68,3	-0,33
68,4	-0,56
68,5	-0,71
68,6	-0,80
68,7	-0,79
68,8	-0,70
68,9	-0,53
69,0	-0,30
69,1	-0,05
69,2	0,22
69,3	0,46
69,4	0,64
69,5	0,75
69,6	0,79
69,7	0,73
69,8	0,59
69,9	0,39
70,0	0,15
70,1	-0,11
70,2	-0,35
70,3	-0,56
70,4	-0,70
70,5	-0,77
70,6	-0,75
70,7	-0,65
70,8	-0,48
70,9	-0,25
71,0	-0,01
71,1	0,24
71,2	0,47
71,3	0,63
71,4	0,73
71,5	0,75
71,6	0,68
71,7	0,55
71,8	0,34
71,9	0,11
72,0	-0,15
72,1	-0,37
72,2	-0,57
72,3	-0,69
72,4	-0,74
72,5	-0,71
72,6	-0,60
72,7	-0,42
72,8	-0,21
72,9	0,03
73,0	0,27
73,1	0,47
73,2	0,63
73,3	0,71
73,4	0,71
73,5	0,64
73,6	0,49
73,7	0,30
73,8	0,07
73,9	-0,17
74,0	-0,39
74,1	-0,57
74,2	-0,67
74,3	-0,71
74,4	-0,67
74,5	-0,53
74,6	-0,38
74,7	-0,17
74,8	0,07
74,9	0,29
75,0	0,48
75,1	0,62
75,2	0,69
75,3	0,68
75,4	0,59
75,5	0,45
75,6	0,25
75,7	0,02
75,8	-0,20
75,9	-0,41
76,0	-0,57
76,1	-0,66
76,2	-0,68
76,3	-0,63
76,4	-0,51
76,5	-0,33
76,6	-0,12
76,7	0,10
76,8	0,31
76,9	0,49
77,0	0,61
77,1	0,67
77,2	0,64
77,3	0,55
77,4	0,40
77,5	0,20
77,6	-0,01
77,7	-0,22
77,8	-0,41
77,9	-0,56
78,0	-0,64
78,1	-0,65
78,2	-0,59
78,3	-0,47
78,4	-0,29
78,5	-0,09
78,6	0,13
78,7	0,33
78,8	0,49
78,9	0,60
79,0	0,64
79,1	0,61
79,2	0,51
79,3	0,36
79,4	0,17
79,5	-0,04
79,6	-0,25
79,7	-0,42
79,8	-0,55
79,9	-0,62
80,0	-0,62
80,1	-0,55
80,2	-0,43
80,3	-0,25
80,4	-0,05
80,5	0,15
80,6	0,35
80,7	0,49
80,8	0,59
80,9	0,62
81,0	0,58
81,1	0,47
81,2	0,32
81,3	0,13
81,4	-0,07
81,5	-0,27
81,6	-0,43
81,7	-0,54
81,8	-0,60
81,9	-0,59
82,0	-0,51
82,1	-0,38
82,2	-0,21
82,3	-0,01
82,4	0,18
82,5	0,35
82,6	0,49
82,7	0,57
82,8	0,59
82,9	0,54
83,0	0,43
83,1	0,28
83,2	0,09
83,3	-0,10
83,4	-0,29
83,5	-0,43
83,6	-0,53
83,7	-0,58
83,8	-0,56
83,9	-0,48
84,0	-0,34
84,1	-0,17
84,2	0,02
84,3	0,20
84,4	0,36
84,5	0,49
84,6	0,55
84,7	0,56
84,8	0,51
84,9	0,39
85,0	0,24
85,1	0,07
85,2	-0,13
85,3	-0,29
85,4	-0,44
85,5	-0,53
85,6	-0,56
85,7	-0,53
85,8	-0,44
85,9	-0,30
86,0	-0,14
86,1	0,04
86,2	0,22
86,3	0,37
86,4	0,48
86,5	0,54
86,6	0,54
86,7	0,47
86,8	0,36
86,9	0,20
87,0	0,03
87,1	-0,15
87,2	-0,31
87,3	-0,43
87,4	-0,51
87,5	-0,53
87,6	-0,49
87,7	-0,41
87,8	-0,27
87,9	-0,10
88,0	0,07
88,1	0,23
88,2	0,38
88,3	0,47
88,4	0,51
88,5	0,51
88,6	0,44
88,7	0,32
88,8	0,17
88,9	0,00
89,0	-0,17
89,1	-0,32
89,2	-0,43
89,3	-0,49
89,4	-0,51
89,5	-0,46
89,6	-0,37
89,7	-0,23
89,8	-0,07
89,9	0,10
90,0	0,25
90,1	0,38
90,2	0,47
90,3	0,50
90,4	0,47
90,5	0,40
90,6	0,28
90,7	0,14
90,8	-0,03
90,9	-0,19
91,0	-0,33
91,1	-0,43
91,2	-0,48
91,3	-0,49
91,4	-0,43
91,5	-0,33
91,6	-0,20
91,7	-0,05
91,8	0,11
91,9	0,27
92,0	0,38
92,1	0,45
92,2	0,47
92,3	0,45
92,4	0,37
92,5	0,25
92,6	0,11
92,7	-0,05
92,8	-0,20
92,9	-0,33
93,0	-0,42
93,1	-0,46
93,2	-0,46
93,3	-0,40
93,4	-0,30
93,5	-0,17
93,6	-0,02
93,7	0,14
93,8	0,27
93,9	0,38
94,0	0,44
94,1	0,46
94,2	0,42
94,3	0,34
94,4	0,22
94,5	0,08
94,6	-0,07
94,7	-0,21
94,8	-0,33
94,9	-0,41
95,0	-0,45
95,1	-0,43
95,2	-0,37
95,3	-0,27
95,4	-0,14
95,5	0,01
95,6	0,15
95,7	0,28
95,8	0,38
95,9	0,43
96,0	0,43
96,1	0,39
96,2	0,31
96,3	0,19
96,4	0,05
96,5	-0,09
96,6	-0,23
96,7	-0,33
96,8	-0,41
96,9	-0,43
97,0	-0,41
97,1	-0,34
97,2	-0,24
97,3	-0,11
97,4	0,03
97,5	0,17
97,6	0,28
97,7	0,37
97,8	0,42
97,9	0,41
98,0	0,37
98,1	0,27
98,2	0,16
98,3	0,03
98,4	-0,11
98,5	-0,24
98,6	-0,33
98,7	-0,39
98,8	-0,41
98,9	-0,38
99,0	-0,31
99,1	-0,21
99,2	-0,09
99,3	0,05
99,4	0,18
99,5	0,29
99,6	0,36
99,7	0,40
99,8	0,39
99,9	0,34
100,0	0,25
100,1	0,13
100,2	0,00
100,3	-0,13
100,4	-0,25
100,5	-0,33
100,6	-0,38
100,7	-0,39
100,8	-0,36
100,9	-0,29
101,0	-0,18
101,1	-0,06
101,2	0,07
101,3	0,19
101,4	0,29
101,5	0,35
101,6	0,39
101,7	0,37
101,8	0,31
101,9	0,22
102,0	0,11
102,1	-0,02
102,2	-0,14
102,3	-0,25
102,4	-0,33
102,5	-0,37
102,6	-0,37
102,7	-0,33
102,8	-0,26
102,9	-0,15
103,0	-0,03
103,1	0,09
103,2	0,20
103,3	0,29
103,4	0,35
103,5	0,37
103,6	0,35
103,7	0,28
103,8	0,19
103,9	0,08
104,0	-0,04
104,1	-0,16
104,2	-0,25
104,3	-0,33
104,4	-0,36
104,5	-0,35
104,6	-0,31
104,7	-0,23
104,8	-0,13
104,9	-0,01
105,0	0,11
105,1	0,21
105,2	0,29
105,3	0,34
105,4	0,35
105,5	0,32
105,6	0,26
105,7	0,17
105,8	0,06
105,9	-0,05
106,0	-0,17
106,1	-0,25
106,2	-0,32
106,3	-0,34
106,4	-0,33
106,5	-0,29
106,6	-0,21
106,7	-0,10
106,8	0,01
106,9	0,12
107,0	0,22
107,1	0,29
107,2	0,33
107,3	0,33
107,4	0,30
107,5	0,23
107,6	0,15
107,7	0,03
107,8	-0,07
107,9	-0,17
108,0	-0,25
108,1	-0,31
108,2	-0,33
108,3	-0,31
108,4	-0,26
108,5	-0,18
108,6	-0,08
108,7	0,03
108,8	0,13
108,9	0,22
109,0	0,28
109,1	0,31
109,2	0,31
109,3	0,27
109,4	0,21
109,5	0,12
109,6	0,02
109,7	-0,09
109,8	-0,18
109,9	-0,25
110,0	-0,30
110,1	-0,31
110,2	-0,29
110,3	-0,24
110,4	-0,16
110,5	-0,06
110,6	0,04
110,7	0,14
110,8	0,22
110,9	0,27
111,0	0,30
111,1	0,30
111,2	0,26
111,3	0,19
111,4	0,10
111,5	0,00
111,6	-0,10
111,7	-0,19
111,8	-0,25
111,9	-0,29
112,0	-0,29
112,1	-0,27
112,2	-0,21
112,3	-0,13
112,4	-0,04
112,5	0,06
112,6	0,15
112,7	0,22
112,8	0,27
112,9	0,29
113,0	0,27
113,1	0,23
113,2	0,16
113,3	0,07
113,4	-0,01
113,5	-0,11
113,6	-0,19
113,7	-0,25
113,8	-0,28
113,9	-0,28
114,0	-0,25
114,1	-0,19
114,2	-0,11
114,3	-0,02
114,4	0,07
114,5	0,15
114,6	0,22
114,7	0,27
114,8	0,27
114,9	0,26
115,0	0,21
115,1	0,15
115,2	0,06
115,3	-0,03
115,4	-0,12
115,5	-0,19
115,6	-0,25
115,7	-0,27
115,8	-0,26
115,9	-0,23
116,0	-0,17
116,1	-0,09
116,2	-0,01
116,3	0,08
116,4	0,16
116,5	0,22
116,6	0,25
116,7	0,26
116,8	0,24
116,9	0,19
117,0	0,12
117,1	0,04
117,2	-0,05
117,3	-0,13
117,4	-0,19
117,5	-0,24
117,6	-0,25
117,7	-0,25
117,8	-0,21
117,9	-0,15
118,0	-0,07
118,1	0,01
118,2	0,09
118,3	0,16
118,4	0,22
118,5	0,24
118,6	0,24
118,7	0,22
118,8	0,17
118,9	0,10
119,0	0,02
119,1	-0,06
119,2	-0,13
119,3	-0,19
119,4	-0,23
119,5	-0,24
119,6	-0,23
119,7	-0,19
119,8	-0,13
119,9	-0,05
120,0	0,03
120,1	0,10
120,2	0,17
120,3	0,21
120,4	0,23
120,5	0,23
120,6	0,20
120,7	0,15
120,8	0,08
120,9	0,00
121,0	-0,07
121,1	-0,14
121,2	-0,19
121,3	-0,22
121,4	-0,23
121,5	-0,21
121,6	-0,17
121,7	-0,11
121,8	-0,03
121,9	0,04
122,0	0,11
122,1	0,17
122,2	0,21
122,3	0,22
122,4	0,21
122,5	0,18
122,6	0,13
122,7	0,06
122,8	-0,01
122,9	-0,08
123,0	-0,14
123,1	-0,19
123,2	-0,21
123,3	-0,21
123,4	-0,19
123,5	-0,15
123,6	-0,09
123,7	-0,02
123,8	0,05
123,9	0,11
124,0	0,17
124,1	0,20
124,2	0,21
124,3	0,19
124,4	0,16
124,5	0,11
124,6	0,04
124,7	-0,02
124,8	-0,09
124,9	-0,14
125,0	-0,18
125,1	-0,20
125,2	-0,20
125,3	-0,17
125,4	-0,13
125,5	-0,07
125,6	-0,01
125,7	0,07
125,8	0,12
125,9	0,16
126,0	0,19
126,1	0,19
126,2	0,18
126,3	0,14
126,4	0,09
126,5	0,03
126,6	-0,04
126,7	-0,09
126,8	-0,15
126,9	-0,17
127,0	-0,19
127,1	-0,18
127,2	-0,15
127,3	-0,11
127,4	-0,05
127,5	0,01
127,6	0,07
127,7	0,12
127,8	0,16
127,9	0,18
128,0	0,18
128,1	0,16
128,2	0,12
128,3	0,07
128,4	0,01
128,5	-0,05
128,6	-0,10
128,7	-0,14
128,8	-0,17
128,9	-0,18
129,0	-0,17
129,1	-0,13
129,2	-0,09
129,3	-0,03
129,4	0,03
129,5	0,08
129,6	0,12
129,7	0,15
129,8	0,17
129,9	0,17
130,0	0,15
130,1	0,11
130,2	0,06
130,3	0,00
130,4	-0,05
130,5	-0,10
130,6	-0,14
130,7	-0,16
130,8	-0,17
130,9	-0,15
131,0	-0,12
131,1	-0,07
131,2	-0,02
131,3	0,03
131,4	0,08
131,5	0,12
131,6	0,15
131,7	0,16
131,8	0,15
131,9	0,13
132,0	0,09
132,1	0,04
132,2	-0,01
132,3	-0,06
132,4	-0,11
132,5	-0,14
132,6	-0,15
132,7	-0,15
132,8	-0,13
132,9	-0,10
133,0	-0,06
133,1	-0,01
133,2	0,04
133,3	0,09
133,4	0,12
133,5	0,15
133,6	0,15
133,7	0,14
133,8	0,11
133,9	0,07
134,0	0,03
134,1	-0,02
134,2	-0,07
134,3	-0,11
134,4	-0,13
134,5	-0,15
134,6	-0,14
134,7	-0,13
134,8	-0,09
134,9	-0,05
135,0	0,00
135,1	0,05
135,2	0,09
135,3	0,12
135,4	0,14
135,5	0,14
135,6	0,13
135,7	0,10
135,8	0,06
135,9	0,02
136,0	-0,03
136,1	-0,07
136,2	-0,11
136,3	-0,13
136,4	-0,13
136,5	-0,13
136,6	-0,11
136,7	-0,08
136,8	-0,03
136,9	0,01
137,0	0,05
137,1	0,09
137,2	0,11
137,3	0,13
137,4	0,13
137,5	0,11
137,6	0,09
137,7	0,05
137,8	0,01
137,9	-0,04
138,0	-0,07
138,1	-0,10
138,2	-0,13
138,3	-0,13
138,4	-0,12
138,5	-0,09
138,6	-0,06
138,7	-0,02
138,8	0,02
138,9	0,06
139,0	0,09
139,1	0,11
139,2	0,12
139,3	0,12
139,4	0,11
139,5	0,07
139,6	0,04
139,7	0,00
139,8	-0,04
139,9	-0,08
140,0	-0,10
140,1	-0,12
140,2	-0,12
140,3	-0,11
140,4	-0,09
140,5	-0,05
140,6	-0,01
140,7	0,03
140,8	0,06
140,9	0,09
141,0	0,11
141,1	0,11
141,2	0,11
141,3	0,09
141,4	0,07
141,5	0,03
141,6	-0,01
141,7	-0,05
141,8	-0,07
141,9	-0,09
142,0	-0,11
142,1	-0,11
142,2	-0,09
142,3	-0,07
142,4	-0,05
142,5	-0,01
142,6	0,03
142,7	0,06
142,8	0,08
142,9	0,10
143,0	0,11
143,1	0,10
143,2	0,08
143,3	0,05
143,4	0,02
143,5	-0,01
143,6	-0,05
143,7	-0,07
143,8	-0,09
143,9	-0,10
144,0	-0,10
144,1	-0,09
144,2	-0,06
144,3	-0,03
144,4	0,00
144,5	0,03
144,6	0,06
144,7	0,08
144,8	0,09
144,9	0,10
145,0	0,09
145,1	0,07
145,2	0,04
145,3	0,01
145,4	-0,02
145,5	-0,05
145,6	-0,07
145,7	-0,09
145,8	-0,09
145,9	-0,09
146,0	-0,07
146,1	-0,05
146,2	-0,02
146,3	0,00
146,4	0,03
146,5	0,06
146,6	0,07
146,7	0,09
146,8	0,09
146,9	0,07
147,0	0,06
147,1	0,03
147,2	0,01
147,3	-0,02
147,4	-0,05
147,5	-0,07
147,6	-0,08
147,7	-0,09
147,8	-0,08
147,9	-0,06
148,0	-0,05
148,1	-0,02
148,2	0,01
148,3	0,03
148,4	0,06
148,5	0,07
148,6	0,08
148,7	0,08
148,8	0,07
148,9	0,05
149,0	0,03
149,1	0,00
149,2	-0,02
149,3	-0,05
149,4	-0,06
149,5	-0,07
149,6	-0,08
149,7	-0,07
149,8	-0,05
149,9	-0,04
150,0	-0,01
150,1	0,01
150,2	0,03
150,3	0,05
150,4	0,07
150,5	0,07
150,6	0,07
150,7	0,06
150,8	0,04
150,9	0,02
151,0	-0,01
151,1	-0,03
151,2	-0,05
151,3	-0,06
151,4	-0,07
151,5	-0,07
151,6	-0,06
151,7	-0,05
151,8	-0,03
151,9	-0,01
152,0	0,02
152,1	0,03
152,2	0,05
152,3	0,06
152,4	0,07
152,5	0,06
152,6	0,05
152,7	0,03
152,8	0,01
152,9	-0,01
153,0	-0,03
153,1	-0,05
153,2	-0,05
153,3	-0,06
153,4	-0,06
153,5	-0,05
153,6	-0,04
153,7	-0,02
153,8	-0,01
153,9	0,02
154,0	0,03
154,1	0,05
154,2	0,06
154,3	0,06
154,4	0,05
154,5	0,04
154,6	0,03
154,7	0,01
154,8	-0,01
154,9	-0,03
155,0	-0,04
155,1	-0,05
155,2	-0,05
155,3	-0,05
155,4	-0,05
155,5	-0,03
155,6	-0,01
155,7	0,00
155,8	0,02
155,9	0,03
156,0	0,04
156,1	0,05
156,2	0,05
156,3	0,04
156,4	0,03
156,5	0,02
156,6	0,00
156,7	-0,01
156,8	-0,02
156,9	-0,04
157,0	-0,05
157,1	-0,05
157,2	-0,05
157,3	-0,04
157,4	-0,02
157,5	-0,01
157,6	0,00
157,7	0,02
157,8	0,03
157,9	0,04
158,0	0,04
158,1	0,04
158,2	0,03
158,3	0,03
158,4	0,02
158,5	0,00
158,6	-0,01
158,7	-0,02
158,8	-0,03
158,9	-0,04
159,0	-0,04
159,1	-0,04
159,2	-0,03
159,3	-0,02
159,4	-0,01
159,5	0,00
159,6	0,02
159,7	0,03
159,8	0,03
159,9	0,03
160,0	0,03
160,1	0,03
160,2	0,02
160,3	0,01
160,4	0,00
160,5	-0,01
160,6	-0,02
160,7	-0,03
160,8	-0,03
160,9	-0,03
161,0	-0,03
161,1	-0,02
161,2	-0,01
161,3	-0,01
161,4	0,01
161,5	0,02
161,6	0,02
161,7	0,03
161,8	0,03
161,9	0,03
162,0	0,03
162,1	0,02
162,2	0,01
162,3	0,00
162,4	-0,01
162,5	-0,01
162,6	-0,02
162,7	-0,03
162,8	-0,03
162,9	-0,02
163,0	-0,02
163,1	-0,01
163,2	-0,01
163,3	0,01
163,4	0,01
163,5	0,02
163,6	0,02
163,7	0,02
163,8	0,02
163,9	0,02
164,0	0,01
164,1	0,00
164,2	-0,01
164,3	-0,01
164,4	-0,01
164,5	-0,01
164,6	-0,02
164,7	-0,02
164,8	-0,01
164,9	-0,01
165,0	-0,01
165,1	0,00
165,2	0,00
165,3	0,01
165,4	0,01
165,5	0,02
165,6	0,02
165,7	0,02
165,8	0,01
165,9	0,01
166,0	0,00
166,1	0,00
166,2	-0,01
166,3	-0,01
166,4	-0,01
166,5	-0,01
166,6	-0,01
166,7	-0,01
166,8	-0,01
166,9	-0,01
167,0	0,00
167,1	0,00
167,2	0,01
167,3	0,01
167,4	0,01
167,5	0,01
167,6	0,01
167,7	0,01
167,8	0,00
167,9	0,00
168,0	0,00
168,1	-0,01
168,2	-0,01
168,3	-0,01
168,4	-0,01
168,5	-0,01
168,6	-0,01
168,7	-0,01
168,8	-0,01
168,9	0,00
169,0	0,00
169,1	0,00
169,2	0,00
169,3	0,00
169,4	0,00
169,5	0,00
169,6	0,00
169,7	0,00
169,8	0,00
169,9	0,00
170,0	0,00
170,1	0,00
170,2	0,00
170,3	0,00
170,4	0,00
170,5	0,00
170,6	0,00
170,7	0,00
170,8	0,00
170,9	0,00
171,0	0,00
171,1	0,00
171,2	0,00
171,3	0,00
171,4	0,00
171,5	0,00
171,6	0,00
171,7	0,00
171,8	0,00
171,9	0,00
172,0	0,00
172,1	0,00
172,2	0,00
172,3	0,00
172,4	0,00
172,5	0,00
172,6	0,00
172,7	0,00
172,8	0,00
172,9	0,00
173,0	0,00
173,1	0,00
173,2	0,00
173,3	0,00
173,4	0,00
173,5	0,00
173,6	0,00
173,7	0,00
173,8	0,00
173,9	0,00
174,0	0,00
174,1	0,00
174,2	0,00
174,3	0,00
174,4	0,00
174,5	0,00
174,6	0,00
174,7	0,00
174,8	0,00
174,9	0,00
175,0	0,00
175,1	0,00
175,2	0,00
175,3	0,00
175,4	0,00
175,5	0,00
175,6	0,00
175,7	0,00
175,8	0,00
175,9	0,00
176,0	0,00
176,1	0,00
176,2	0,00
176,3	0,00
176,4	0,00
176,5	0,00
176,6	0,00
176,7	0,00
176,8	0,00
176,9	0,00
177,0	0,00
177,1	0,00
177,2	0,00
177,3	0,00
177,4	0,00
177,5	0,00
177,6	0,00
177,7	0,00
177,8	0,00
177,9	0,00
178,0	0,00
