t / s	&b_A1 / rad
0,0	1,15
0,1	1,15
0,2	1,07
0,3	0,95
0,4	0,79
0,5	0,62
0,6	0,44
0,7	0,29
0,8	0,17
0,9	0,10
1,0	0,09
1,1	0,13
1,2	0,23
1,3	0,36
1,4	0,52
1,5	0,70
1,6	0,86
1,7	1,00
1,8	1,10
1,9	1,14
2,0	1,13
2,1	1,07
2,2	0,95
2,3	0,80
2,4	0,63
2,5	0,46
2,6	0,31
2,7	0,19
2,8	0,12
2,9	0,11
3,0	0,14
3,1	0,23
3,2	0,35
3,3	0,51
3,4	0,68
3,5	0,84
3,6	0,98
3,7	1,07
3,8	1,12
3,9	1,11
4,0	1,05
4,1	0,95
4,2	0,80
4,3	0,64
4,4	0,48
4,5	0,33
4,6	0,21
4,7	0,14
4,8	0,12
4,9	0,15
5,0	0,23
5,1	0,36
5,2	0,51
5,3	0,67
5,4	0,83
5,5	0,96
5,6	1,06
5,7	1,10
5,8	1,10
5,9	1,04
6,0	0,94
6,1	0,80
6,2	0,65
6,3	0,49
6,4	0,35
6,5	0,23
6,6	0,16
6,7	0,14
6,8	0,17
6,9	0,24
7,0	0,36
7,1	0,51
7,2	0,67
7,3	0,82
7,4	0,95
7,5	1,03
7,6	1,08
7,7	1,08
7,8	1,03
7,9	0,94
8,0	0,80
8,1	0,66
8,2	0,50
8,3	0,36
8,4	0,25
8,5	0,18
8,6	0,15
8,7	0,18
8,8	0,26
8,9	0,37
9,0	0,51
9,1	0,66
9,2	0,80
9,3	0,93
9,4	1,02
9,5	1,07
9,6	1,07
9,7	1,02
9,8	0,92
9,9	0,79
10,0	0,66
10,1	0,51
10,2	0,37
10,3	0,27
10,4	0,19
10,5	0,17
10,6	0,19
10,7	0,27
10,8	0,38
10,9	0,51
11,0	0,66
11,1	0,79
11,2	0,91
11,3	1,00
11,4	1,05
11,5	1,05
11,6	1,00
11,7	0,91
11,8	0,79
11,9	0,66
12,0	0,51
12,1	0,39
12,2	0,28
12,3	0,21
12,4	0,19
12,5	0,22
12,6	0,28
12,7	0,39
12,8	0,51
12,9	0,66
13,0	0,79
13,1	0,91
13,2	0,99
13,3	1,03
13,4	1,03
13,5	0,99
13,6	0,90
13,7	0,79
13,8	0,65
13,9	0,51
14,0	0,39
14,1	0,29
14,2	0,23
14,3	0,21
14,4	0,23
14,5	0,30
14,6	0,39
14,7	0,52
14,8	0,66
14,9	0,79
15,0	0,89
15,1	0,97
15,2	1,01
15,3	1,01
15,4	0,97
15,5	0,89
15,6	0,78
15,7	0,65
15,8	0,52
15,9	0,40
16,0	0,31
16,1	0,24
16,2	0,23
16,3	0,25
16,4	0,31
16,5	0,41
16,6	0,53
16,7	0,66
16,8	0,78
16,9	0,88
17,0	0,96
17,1	0,99
17,2	0,99
17,3	0,95
17,4	0,87
17,5	0,77
17,6	0,64
17,7	0,52
17,8	0,41
17,9	0,31
18,0	0,26
18,1	0,24
18,2	0,27
18,3	0,32
18,4	0,42
18,5	0,54
18,6	0,66
18,7	0,78
18,8	0,87
18,9	0,95
19,0	0,98
19,1	0,98
19,2	0,94
19,3	0,86
19,4	0,75
19,5	0,64
19,6	0,52
19,7	0,41
19,8	0,33
19,9	0,27
20,0	0,26
20,1	0,28
20,2	0,34
20,3	0,43
20,4	0,54
20,5	0,66
20,6	0,77
20,7	0,87
20,8	0,93
20,9	0,96
21,0	0,96
21,1	0,91
21,2	0,84
21,3	0,75
21,4	0,63
21,5	0,52
21,6	0,42
21,7	0,34
21,8	0,29
21,9	0,27
22,0	0,30
22,1	0,35
22,2	0,44
22,3	0,55
22,4	0,66
22,5	0,77
22,6	0,86
22,7	0,92
22,8	0,95
22,9	0,95
23,0	0,91
23,1	0,83
23,2	0,74
23,3	0,63
23,4	0,52
23,5	0,42
23,6	0,35
23,7	0,30
23,8	0,29
23,9	0,31
24,0	0,37
24,1	0,46
24,2	0,56
24,3	0,67
24,4	0,77
24,5	0,85
24,6	0,91
24,7	0,94
24,8	0,93
24,9	0,88
25,0	0,82
25,1	0,72
25,2	0,62
25,3	0,51
25,4	0,43
25,5	0,35
25,6	0,31
25,7	0,31
25,8	0,33
25,9	0,39
26,0	0,47
26,1	0,57
26,2	0,67
26,3	0,77
26,4	0,84
26,5	0,90
26,6	0,92
26,7	0,91
26,8	0,87
26,9	0,80
27,0	0,71
27,1	0,61
27,2	0,51
27,3	0,43
27,4	0,36
27,5	0,33
27,6	0,32
27,7	0,35
27,8	0,41
27,9	0,49
28,0	0,58
28,1	0,67
28,2	0,77
28,3	0,83
28,4	0,88
28,5	0,91
28,6	0,89
28,7	0,85
28,8	0,78
28,9	0,70
29,0	0,60
29,1	0,51
29,2	0,43
29,3	0,37
29,4	0,34
29,5	0,34
29,6	0,37
29,7	0,43
29,8	0,51
29,9	0,59
30,0	0,69
30,1	0,77
30,2	0,83
30,3	0,87
30,4	0,88
30,5	0,87
30,6	0,83
30,7	0,76
30,8	0,67
30,9	0,59
31,0	0,51
31,1	0,43
31,2	0,38
31,3	0,35
31,4	0,36
31,5	0,39
31,6	0,45
31,7	0,53
31,8	0,61
31,9	0,70
32,0	0,77
32,1	0,83
32,2	0,86
32,3	0,87
32,4	0,85
32,5	0,80
32,6	0,74
32,7	0,66
32,8	0,58
32,9	0,50
33,0	0,43
33,1	0,39
33,2	0,37
33,3	0,38
33,4	0,41
33,5	0,47
33,6	0,55
33,7	0,63
33,8	0,70
33,9	0,77
34,0	0,82
34,1	0,85
34,2	0,85
34,3	0,83
34,4	0,79
34,5	0,72
34,6	0,64
34,7	0,56
34,8	0,49
34,9	0,43
35,0	0,39
35,1	0,39
35,2	0,39
35,3	0,43
35,4	0,49
35,5	0,56
35,6	0,63
35,7	0,71
35,8	0,77
35,9	0,82
36,0	0,83
36,1	0,83
36,2	0,81
36,3	0,76
36,4	0,70
36,5	0,63
36,6	0,55
36,7	0,49
36,8	0,44
36,9	0,41
37,0	0,40
37,1	0,42
37,2	0,46
37,3	0,51
37,4	0,58
37,5	0,65
37,6	0,71
37,7	0,77
37,8	0,81
37,9	0,83
38,0	0,82
38,1	0,79
38,2	0,74
38,3	0,68
38,4	0,61
38,5	0,55
38,6	0,48
38,7	0,44
38,8	0,42
38,9	0,42
39,0	0,43
39,1	0,48
39,2	0,54
39,3	0,60
39,4	0,67
39,5	0,72
39,6	0,77
39,7	0,80
39,8	0,81
39,9	0,79
40,0	0,76
40,1	0,71
40,2	0,66
40,3	0,59
40,4	0,53
40,5	0,48
40,6	0,44
40,7	0,43
40,8	0,43
40,9	0,46
41,0	0,51
41,1	0,56
41,2	0,62
41,3	0,68
41,4	0,73
41,5	0,77
41,6	0,79
41,7	0,79
41,8	0,78
41,9	0,74
42,0	0,69
42,1	0,63
42,2	0,58
42,3	0,52
42,4	0,47
42,5	0,45
42,6	0,44
42,7	0,45
42,8	0,48
42,9	0,52
43,0	0,58
43,1	0,63
43,2	0,69
43,3	0,73
43,4	0,76
43,5	0,78
43,6	0,78
43,7	0,75
43,8	0,72
43,9	0,67
44,0	0,62
44,1	0,56
44,2	0,51
44,3	0,48
44,4	0,46
44,5	0,45
44,6	0,47
44,7	0,50
44,8	0,55
44,9	0,59
45,0	0,65
45,1	0,70
45,2	0,73
45,3	0,76
45,4	0,77
45,5	0,76
45,6	0,74
45,7	0,70
45,8	0,65
45,9	0,60
46,0	0,55
46,1	0,51
46,2	0,48
46,3	0,47
46,4	0,47
46,5	0,49
46,6	0,52
46,7	0,56
46,8	0,61
46,9	0,66
47,0	0,70
47,1	0,73
47,2	0,75
47,3	0,75
47,4	0,75
47,5	0,71
47,6	0,68
47,7	0,63
47,8	0,59
47,9	0,54
48,0	0,51
48,1	0,48
48,2	0,47
48,3	0,48
48,4	0,51
48,5	0,54
48,6	0,59
48,7	0,63
48,8	0,67
48,9	0,71
49,0	0,73
49,1	0,75
49,2	0,74
49,3	0,72
49,4	0,70
49,5	0,66
49,6	0,62
49,7	0,57
49,8	0,53
49,9	0,51
50,0	0,49
50,1	0,48
50,2	0,50
50,3	0,52
50,4	0,56
50,5	0,60
50,6	0,64
50,7	0,68
50,8	0,71
50,9	0,73
51,0	0,74
51,1	0,73
51,2	0,71
51,3	0,68
51,4	0,64
51,5	0,60
51,6	0,56
51,7	0,53
51,8	0,51
51,9	0,50
52,0	0,50
52,1	0,51
52,2	0,54
52,3	0,58
52,4	0,62
52,5	0,65
52,6	0,68
52,7	0,71
52,8	0,72
52,9	0,72
53,0	0,71
53,1	0,69
53,2	0,66
53,3	0,63
53,4	0,59
53,5	0,55
53,6	0,52
53,7	0,51
53,8	0,51
53,9	0,51
54,0	0,53
54,1	0,55
54,2	0,59
54,3	0,63
54,4	0,66
54,5	0,69
54,6	0,71
54,7	0,71
54,8	0,71
54,9	0,70
55,0	0,67
55,1	0,64
55,2	0,61
55,3	0,58
55,4	0,55
55,5	0,52
55,6	0,51
55,7	0,51
55,8	0,52
55,9	0,55
56,0	0,57
56,1	0,60
56,2	0,63
56,3	0,67
56,4	0,69
56,5	0,70
56,6	0,71
56,7	0,70
56,8	0,68
56,9	0,66
57,0	0,63
57,1	0,60
57,2	0,57
57,3	0,55
57,4	0,53
57,5	0,52
57,6	0,52
57,7	0,54
57,8	0,56
57,9	0,59
58,0	0,62
58,1	0,64
58,2	0,67
58,3	0,69
58,4	0,70
58,5	0,70
58,6	0,69
58,7	0,67
58,8	0,64
58,9	0,62
59,0	0,59
59,1	0,56
59,2	0,55
59,3	0,53
59,4	0,53
59,5	0,54
59,6	0,55
59,7	0,57
59,8	0,60
59,9	0,63
60,0	0,65
60,1	0,67
60,2	0,68
60,3	0,69
60,4	0,68
60,5	0,67
60,6	0,66
60,7	0,63
60,8	0,61
60,9	0,58
61,0	0,56
61,1	0,55
61,2	0,54
61,3	0,54
61,4	0,55
61,5	0,56
61,6	0,59
61,7	0,61
61,8	0,63
61,9	0,65
62,0	0,67
62,1	0,67
62,2	0,68
62,3	0,67
62,4	0,66
62,5	0,64
62,6	0,62
62,7	0,59
62,8	0,58
62,9	0,56
63,0	0,55
63,1	0,55
63,2	0,55
63,3	0,56
63,4	0,58
63,5	0,59
63,6	0,62
63,7	0,63
63,8	0,66
63,9	0,67
64,0	0,67
64,1	0,67
64,2	0,66
64,3	0,65
64,4	0,63
64,5	0,61
64,6	0,59
64,7	0,57
64,8	0,56
64,9	0,55
65,0	0,55
65,1	0,56
65,2	0,58
65,3	0,59
65,4	0,61
65,5	0,63
65,6	0,64
65,7	0,65
65,8	0,66
65,9	0,66
66,0	0,66
66,1	0,65
66,2	0,63
66,3	0,62
66,4	0,60
66,5	0,59
66,6	0,57
66,7	0,56
66,8	0,56
66,9	0,56
67,0	0,57
67,1	0,59
67,2	0,60
67,3	0,61
67,4	0,63
67,5	0,64
67,6	0,65
67,7	0,65
67,8	0,65
67,9	0,65
68,0	0,63
68,1	0,63
68,2	0,61
68,3	0,59
68,4	0,59
68,5	0,58
68,6	0,57
68,7	0,57
68,8	0,57
68,9	0,58
69,0	0,59
69,1	0,60
69,2	0,62
69,3	0,63
69,4	0,63
69,5	0,64
69,6	0,65
69,7	0,64
69,8	0,64
69,9	0,63
70,0	0,62
70,1	0,61
70,2	0,59
70,3	0,59
70,4	0,58
70,5	0,57
70,6	0,57
70,7	0,58
70,8	0,59
70,9	0,59
71,0	0,60
71,1	0,62
71,2	0,63
71,3	0,63
71,4	0,64
71,5	0,64
71,6	0,64
71,7	0,63
71,8	0,63
71,9	0,62
72,0	0,60
72,1	0,59
72,2	0,59
72,3	0,58
72,4	0,58
72,5	0,58
72,6	0,59
72,7	0,59
72,8	0,59
72,9	0,61
73,0	0,62
73,1	0,63
73,2	0,63
73,3	0,63
73,4	0,63
73,5	0,63
73,6	0,63
73,7	0,62
73,8	0,61
73,9	0,60
74,0	0,59
74,1	0,59
74,2	0,59
74,3	0,59
74,4	0,59
74,5	0,59
74,6	0,59
74,7	0,60
74,8	0,61
74,9	0,62
75,0	0,62
75,1	0,63
75,2	0,63
75,3	0,63
75,4	0,63
75,5	0,63
75,6	0,62
75,7	0,61
75,8	0,60
75,9	0,60
76,0	0,59
76,1	0,59
76,2	0,59
76,3	0,59
76,4	0,59
76,5	0,59
76,6	0,60
76,7	0,61
76,8	0,61
76,9	0,62
77,0	0,62
77,1	0,62
77,2	0,62
77,3	0,62
77,4	0,62
77,5	0,62
77,6	0,61
77,7	0,60
77,8	0,60
77,9	0,60
78,0	0,59
78,1	0,59
78,2	0,59
78,3	0,59
78,4	0,60
78,5	0,60
78,6	0,61
78,7	0,61
78,8	0,62
78,9	0,62
79,0	0,62
79,1	0,62
79,2	0,62
79,3	0,62
79,4	0,61
79,5	0,61
79,6	0,61
79,7	0,60
79,8	0,60
79,9	0,60
80,0	0,60
80,1	0,60
80,2	0,60
80,3	0,60
80,4	0,61
80,5	0,61
80,6	0,61
80,7	0,61
80,8	0,61
80,9	0,61
81,0	0,61
81,1	0,61
81,2	0,61
81,3	0,61
81,4	0,61
81,5	0,61
81,6	0,61
81,7	0,61
81,8	0,61
81,9	0,61
82,0	0,61
82,1	0,61
82,2	0,61
82,3	0,61
82,4	0,61
82,5	0,61
82,6	0,61
82,7	0,61
82,8	0,61
82,9	0,61
83,0	0,61
83,1	0,61
83,2	0,61
83,3	0,61
83,4	0,61
83,5	0,61
83,6	0,61
83,7	0,61
83,8	0,61
83,9	0,61
84,0	0,61
84,1	0,61
84,2	0,61
84,3	0,61
84,4	0,61
84,5	0,61
84,6	0,61
84,7	0,61
84,8	0,61
84,9	0,61
85,0	0,61
85,1	0,61
85,2	0,61
85,3	0,61
85,4	0,61
85,5	0,61
