t / s	f_1
0,0           
0,1           0,0000
0,2           0,0000
0,3           0,0000
0,4           0,0000
0,5           0,0000
0,6           0,0000
0,7           0,0000
0,8           0,0000
0,9           0,0000
1,0           0,0000
1,1           0,0000
1,2           0,0000
1,3           0,0000
1,4           0,0000
1,5           0,0000
1,6           0,0000
1,7           0,0000
1,8           0,0000
1,9           0,0000
2,0           0,0000
2,1           0,0000
2,2           0,0000
2,3           0,0010
2,4           0,0089
2,5           0,0231
2,6           0,0376
2,7           0,0466
2,8           0,0454
2,9           0,0349
3,0           0,0199
3,1           0,0061
3,2           0,0000
3,3           0,0045
3,4           0,0173
3,5           0,0327
3,6           0,0440
3,7           0,0462
3,8           0,0393
3,9           0,0256
4,0           0,0107
4,1           0,0013
4,2           0,0013
4,3           0,0106
4,4           0,0251
4,5           0,0391
4,6           0,0471
4,7           0,0442
4,8           0,0320
4,9           0,0164
5,0           0,0043
5,1           0,0000
5,2           0,0057
5,3           0,0191
5,4           0,0343
5,5           0,0445
5,6           0,0457
5,7           0,0368
5,8           0,0224
5,9           0,0086
6,0           0,0006
6,1           0,0023
6,2           0,0128
6,3           0,0273
6,4           0,0405
6,5           0,0456
6,6           0,0412
6,7           0,0295
6,8           0,0143
6,9           0,0029
7,0           0,0003
7,1           0,0077
7,2           0,0214
7,3           0,0359
7,4           0,0451
7,5           0,0437
7,6           0,0339
7,7           0,0196
7,8           0,0066
7,9           0,0002
8,0           0,0034
8,1           0,0151
8,2           0,0297
8,3           0,0411
8,4           0,0453
8,5           0,0395
8,6           0,0263
8,7           0,0115
8,8           0,0018
8,9           0,0008
9,0           0,0096
9,1           0,0241
9,2           0,0375
9,3           0,0445
9,4           0,0422
9,5           0,0311
9,6           0,0167
9,7           0,0046
9,8           0,0000
9,9           0,0048
10,0          0,0169
10,1          0,0309
10,2          0,0419
10,3          0,0444
10,4          0,0368
10,5          0,0233
10,6          0,0093
10,7          0,0010
10,8          0,0017
10,9          0,0115
11,0          0,0260
11,1          0,0382
11,2          0,0440
11,3          0,0403
11,4          0,0289
11,5          0,0143
11,6          0,0033
11,7          0,0001
11,8          0,0063
11,9          0,0192
12,0          0,0330
12,1          0,0420
12,2          0,0430
12,3          0,0345
12,4          0,0202
12,5          0,0071
12,6          0,0003
12,7          0,0026
12,8          0,0134
12,9          0,0274
13,0          0,0395
13,1          0,0437
13,2          0,0378
13,3          0,0259
13,4          0,0122
13,5          0,0020
13,6          0,0005
13,7          0,0077
13,8          0,0212
13,9          0,0345
14,0          0,0420
14,1          0,0412
14,2          0,0320
14,3          0,0181
14,4          0,0057
14,5          0,0000
14,6          0,0039
14,7          0,0148
14,8          0,0291
14,9          0,0396
15,0          0,0425
15,1          0,0362
15,2          0,0230
15,3          0,0099
15,4          0,0012
15,5          0,0011
15,6          0,0093
15,7          0,0230
15,8          0,0353
15,9          0,0419
16,0          0,0400
16,1          0,0294
16,2          0,0154
16,3          0,0040
16,4          0,0000
16,5          0,0050
16,6          0,0172
16,7          0,0308
16,8          0,0402
16,9          0,0415
17,0          0,0337
17,1          0,0207
17,2          0,0078
17,3          0,0005
17,4          0,0019
17,5          0,0113
17,6          0,0247
17,7          0,0365
17,8          0,0419
17,9          0,0380
18,0          0,0269
18,1          0,0129
18,2          0,0027
18,3          0,0003
18,4          0,0070
18,5          0,0192
18,6          0,0321
18,7          0,0405
18,8          0,0402
18,9          0,0310
19,0          0,0179
19,1          0,0060
19,2          0,0002
19,3          0,0029
19,4          0,0132
19,5          0,0263
19,6          0,0375
19,7          0,0413
19,8          0,0362
19,9          0,0240
20,0          0,0104
20,1          0,0016
20,2          0,0007
20,3          0,0081
20,4          0,0206
20,5          0,0339
20,6          0,0408
20,7          0,0383
20,8          0,0290
20,9          0,0155
21,0          0,0044
21,1          0,0000
21,2          0,0041
21,3          0,0150
21,4          0,0279
21,5          0,0375
21,6          0,0404
21,7          0,0341
21,8          0,0213
21,9          0,0085
22,0          0,0009
22,1          0,0013
22,2          0,0100
22,3          0,0226
22,4          0,0344
22,5          0,0399
22,6          0,0367
22,7          0,0266
22,8          0,0135
22,9          0,0032
23,0          0,0001
23,1          0,0054
23,2          0,0170
23,3          0,0296
23,4          0,0381
23,5          0,0389
23,6          0,0317
23,7          0,0189
23,8          0,0067
23,9          0,0004
24,0          0,0022
24,1          0,0116
24,2          0,0240
24,3          0,0351
24,4          0,0397
24,5          0,0354
24,6          0,0240
24,7          0,0113
24,8          0,0022
24,9          0,0004
25,0          0,0066
25,1          0,0184
25,2          0,0311
25,3          0,0387
25,4          0,0379
25,5          0,0291
25,6          0,0164
25,7          0,0052
25,8          0,0001
25,9          0,0031
26,0          0,0137
26,1          0,0260
26,2          0,0358
26,3          0,0391
26,4          0,0332
26,5          0,0214
26,6          0,0092
26,7          0,0012
26,8          0,0008
26,9          0,0084
27,0          0,0201
27,1          0,0320
27,2          0,0383
27,3          0,0363
27,4          0,0274
27,5          0,0143
27,6          0,0038
27,7          0,0000
27,8          0,0044
27,9          0,0150
28,0          0,0276
28,1          0,0364
28,2          0,0378
28,3          0,0315
28,4          0,0191
28,5          0,0072
28,6          0,0006
28,7          0,0015
28,8          0,0099
28,9          0,0225
29,0          0,0331
29,1          0,0374
29,2          0,0345
29,3          0,0249
29,4          0,0123
29,5          0,0026
29,6          0,0001
29,7          0,0055
29,8          0,0172
29,9          0,0295
30,0          0,0367
30,1          0,0366
30,2          0,0289
30,3          0,0168
30,4          0,0058
30,5          0,0002
30,6          0,0023
30,7          0,0111
30,8          0,0236
30,9          0,0338
31,0          0,0369
31,1          0,0327
31,2          0,0227
31,3          0,0103
31,4          0,0018
31,5          0,0006
31,6          0,0072
31,7          0,0187
31,8          0,0301
31,9          0,0364
32,0          0,0352
32,1          0,0265
32,2          0,0145
32,3          0,0046
32,4          0,0000
32,5          0,0034
32,6          0,0128
32,7          0,0250
32,8          0,0342
32,9          0,0364
33,0          0,0311
33,1          0,0206
33,2          0,0086
33,3          0,0010
33,4          0,0011
33,5          0,0088
33,6          0,0201
33,7          0,0312
33,8          0,0362
33,9          0,0335
34,0          0,0247
34,1          0,0129
34,2          0,0032
34,3          0,0000
34,4          0,0043
34,5          0,0149
34,6          0,0262
34,7          0,0343
34,8          0,0357
34,9          0,0293
35,0          0,0185
35,1          0,0069
35,2          0,0004
35,3          0,0017
35,4          0,0100
35,5          0,0217
35,6          0,0319
35,7          0,0361
35,8          0,0323
35,9          0,0223
36,0          0,0106
36,1          0,0022
36,2          0,0002
36,3          0,0059
36,4          0,0162
36,5          0,0272
36,6          0,0347
36,7          0,0347
36,8          0,0272
36,9          0,0158
37,0          0,0052
37,1          0,0001
37,2          0,0025
37,3          0,0118
37,4          0,0230
37,5          0,0323
37,6          0,0358
37,7          0,0301
37,8          0,0201
37,9          0,0090
38,0          0,0013
38,1          0,0005
38,2          0,0072
38,3          0,0181
38,4          0,0284
38,5          0,0345
38,6          0,0331
38,7          0,0247
38,8          0,0138
38,9          0,0040
39,0          0,0000
39,1          0,0033
39,2          0,0131
39,3          0,0251
39,4          0,0326
39,5          0,0340
39,6          0,0287
39,7          0,0185
39,8          0,0073
39,9          0,0007
40,0          0,0011
40,1          0,0082
40,2          0,0194
40,3          0,0293
40,4          0,0341
40,5          0,0318
40,6          0,0232
40,7          0,0119
40,8          0,0029
40,9          0,0001
41,0          0,0048
41,1          0,0148
41,2          0,0258
41,3          0,0333
41,4          0,0333
41,5          0,0268
41,6          0,0163
41,7          0,0058
41,8          0,0003
41,9          0,0018
42,0          0,0096
42,1          0,0207
42,2          0,0302
42,3          0,0340
42,4          0,0305
42,5          0,0212
42,6          0,0099
42,7          0,0019
42,8          0,0003
42,9          0,0058
43,0          0,0164
43,1          0,0268
43,2          0,0328
43,3          0,0322
43,4          0,0247
43,5          0,0141
43,6          0,0047
43,7          0,0001
43,8          0,0026
43,9          0,0113
44,0          0,0221
44,1          0,0306
44,2          0,0335
44,3          0,0288
44,4          0,0192
44,5          0,0084
44,6          0,0011
44,7          0,0007
44,8          0,0072
44,9          0,0174
45,0          0,0273
45,1          0,0334
45,2          0,0316
45,3          0,0226
45,4          0,0123
45,5          0,0034
45,6          0,0000
45,7          0,0035
45,8          0,0127
45,9          0,0233
46,0          0,0310
46,1          0,0329
46,2          0,0269
46,3          0,0169
46,4          0,0069
46,5          0,0006
46,6          0,0013
46,7          0,0083
46,8          0,0186
46,9          0,0280
47,0          0,0326
47,1          0,0303
47,2          0,0213
47,3          0,0101
47,4          0,0023
47,5          0,0001
47,6          0,0045
47,7          0,0136
47,8          0,0242
47,9          0,0313
48,0          0,0315
48,1          0,0257
48,2          0,0150
48,3          0,0052
48,4          0,0002
48,5          0,0020
48,6          0,0098
48,7          0,0203
48,8          0,0289
48,9          0,0317
49,0          0,0280
49,1          0,0195
49,2          0,0090
49,3          0,0016
49,4          0,0003
49,5          0,0058
49,6          0,0154
49,7          0,0249
49,8          0,0313
49,9          0,0308
50,0          0,0233
50,1          0,0131
50,2          0,0042
50,3          0,0000
50,4          0,0029
50,5          0,0112
50,6          0,0212
50,7          0,0292
50,8          0,0318
50,9          0,0264
51,0          0,0173
51,1          0,0075
51,2          0,0009
51,3          0,0008
51,4          0,0069
51,5          0,0165
51,6          0,0261
51,7          0,0310
51,8          0,0290
51,9          0,0219
52,0          0,0119
52,1          0,0029
52,2          0,0000
52,3          0,0036
52,4          0,0124
52,5          0,0228
52,6          0,0296
52,7          0,0303
52,8          0,0249
52,9          0,0155
53,0          0,0059
53,1          0,0005
53,2          0,0012
53,3          0,0083
53,4          0,0179
53,5          0,0268
53,6          0,0310
53,7          0,0280
53,8          0,0198
53,9          0,0100
54,0          0,0021
54,1          0,0001
54,2          0,0047
54,3          0,0140
54,4          0,0236
54,5          0,0295
54,6          0,0291
54,7          0,0232
54,8          0,0137
54,9          0,0047
55,0          0,0002
55,1          0,0019
55,2          0,0095
55,3          0,0191
55,4          0,0271
55,5          0,0299
55,6          0,0269
55,7          0,0182
55,8          0,0081
55,9          0,0014
56,0          0,0004
56,1          0,0058
56,2          0,0151
56,3          0,0244
56,4          0,0293
56,5          0,0281
56,6          0,0216
56,7          0,0124
56,8          0,0036
56,9          0,0000
57,0          0,0027
57,1          0,0106
57,2          0,0202
57,3          0,0273
57,4          0,0291
57,5          0,0252
57,6          0,0168
57,7          0,0069
57,8          0,0008
57,9          0,0008
58,0          0,0068
58,1          0,0165
58,2          0,0248
58,3          0,0289
58,4          0,0273
58,5          0,0199
58,6          0,0104
58,7          0,0026
58,8          0,0000
58,9          0,0036
59,0          0,0116
59,1          0,0211
59,2          0,0279
59,3          0,0287
59,4          0,0233
59,5          0,0143
59,6          0,0056
59,7          0,0004
59,8          0,0013
59,9          0,0081
60,0          0,0173
60,1          0,0255
60,2          0,0289
60,3          0,0262
60,4          0,0183
60,5          0,0087
60,6          0,0018
60,7          0,0002
60,8          0,0045
60,9          0,0129
61,0          0,0221
61,1          0,0276
61,2          0,0276
61,3          0,0220
61,4          0,0128
61,5          0,0045
61,6          0,0001
61,7          0,0021
61,8          0,0090
61,9          0,0182
62,0          0,0258
62,1          0,0282
62,2          0,0247
62,3          0,0167
62,4          0,0074
62,5          0,0012
62,6          0,0004
62,7          0,0055
62,8          0,0144
62,9          0,0227
63,0          0,0276
63,1          0,0266
63,2          0,0201
63,3          0,0113
63,4          0,0034
63,5          0,0000
63,6          0,0027
63,7          0,0100
63,8          0,0195
63,9          0,0265
64,0          0,0277
64,1          0,0232
64,2          0,0147
64,3          0,0061
64,4          0,0007
64,5          0,0009
64,6          0,0064
64,7          0,0152
64,8          0,0234
64,9          0,0275
65,0          0,0257
65,1          0,0190
65,2          0,0099
65,3          0,0024
65,4          0,0000
65,5          0,0034
65,6          0,0116
65,7          0,0203
65,8          0,0261
65,9          0,0268
66,0          0,0218
66,1          0,0134
66,2          0,0049
66,3          0,0003
66,4          0,0013
66,5          0,0075
66,6          0,0161
66,7          0,0239
66,8          0,0271
66,9          0,0244
67,0          0,0172
67,1          0,0081
67,2          0,0017
67,3          0,0002
67,4          0,0044
67,5          0,0126
67,6          0,0215
67,7          0,0264
67,8          0,0256
67,9          0,0201
68,0          0,0120
68,1          0,0038
68,2          0,0001
68,3          0,0019
68,4          0,0086
68,5          0,0172
68,6          0,0240
68,7          0,0266
68,8          0,0235
68,9          0,0155
69,0          0,0067
69,1          0,0011
69,2          0,0005
69,3          0,0054
69,4          0,0133
69,5          0,0219
69,6          0,0263
69,7          0,0250
69,8          0,0187
69,9          0,0101
70,0          0,0029
70,1          0,0000
70,2          0,0028
70,3          0,0097
70,4          0,0179
70,5          0,0248
70,6          0,0260
70,7          0,0219
70,8          0,0138
70,9          0,0056
71,0          0,0006
71,1          0,0009
71,2          0,0062
71,3          0,0147
71,4          0,0224
71,5          0,0261
71,6          0,0239
71,7          0,0171
71,8          0,0088
71,9          0,0022
72,0          0,0000
72,1          0,0035
72,2          0,0107
72,3          0,0190
72,4          0,0248
72,5          0,0252
72,6          0,0202
72,7          0,0121
72,8          0,0045
72,9          0,0002
73,0          0,0013
73,1          0,0072
73,2          0,0154
73,3          0,0226
73,4          0,0255
73,5          0,0229
73,6          0,0156
73,7          0,0075
73,8          0,0016
73,9          0,0002
74,0          0,0043
74,1          0,0117
74,2          0,0196
74,3          0,0244
74,4          0,0243
74,5          0,0191
74,6          0,0109
74,7          0,0037
74,8          0,0001
74,9          0,0019
75,0          0,0080
75,1          0,0168
75,2          0,0230
75,3          0,0248
75,4          0,0215
75,5          0,0140
75,6          0,0063
75,7          0,0010
75,8          0,0004
75,9          0,0050
76,0          0,0128
76,1          0,0201
76,2          0,0244
76,3          0,0236
76,4          0,0177
76,5          0,0097
76,6          0,0027
76,7          0,0000
76,8          0,0025
76,9          0,0092
77,0          0,0174
77,1          0,0232
77,2          0,0247
77,3          0,0202
77,4          0,0125
77,5          0,0053
77,6          0,0006
77,7          0,0009
77,8          0,0059
77,9          0,0136
78,0          0,0209
78,1          0,0242
78,2          0,0227
78,3          0,0165
78,4          0,0081
78,5          0,0019
78,6          0,0000
78,7          0,0032
78,8          0,0104
78,9          0,0180
79,0          0,0232
79,1          0,0237
79,2          0,0186
79,3          0,0114
79,4          0,0042
79,5          0,0002
79,6          0,0011
79,7          0,0066
79,8          0,0149
79,9          0,0215
80,0          0,0238
80,1          0,0213
80,2          0,0147
80,3          0,0070
80,4          0,0013
80,5          0,0002
80,6          0,0040
80,7          0,0112
80,8          0,0188
80,9          0,0230
81,0          0,0226
81,1          0,0175
81,2          0,0100
81,3          0,0032
81,4          0,0000
81,5          0,0018
81,6          0,0075
81,7          0,0153
81,8          0,0220
81,9          0,0235
82,0          0,0201
82,1          0,0133
82,2          0,0058
82,3          0,0009
82,4          0,0005
82,5          0,0050
82,6          0,0122
82,7          0,0192
82,8          0,0225
82,9          0,0218
83,0          0,0163
83,1          0,0088
83,2          0,0026
83,3          0,0000
83,4          0,0025
83,5          0,0085
83,6          0,0162
83,7          0,0216
83,8          0,0225
83,9          0,0190
84,0          0,0122
84,1          0,0048
84,2          0,0004
84,3          0,0007
84,4          0,0056
84,5          0,0133
84,6          0,0199
84,7          0,0223
84,8          0,0205
84,9          0,0151
85,0          0,0077
85,1          0,0018
85,2          0,0001
85,3          0,0031
85,4          0,0095
85,5          0,0169
85,6          0,0213
85,7          0,0220
85,8          0,0177
85,9          0,0105
86,0          0,0039
86,1          0,0002
86,2          0,0012
86,3          0,0065
86,4          0,0137
86,5          0,0197
86,6          0,0221
86,7          0,0199
86,8          0,0136
86,9          0,0065
87,0          0,0013
87,1          0,0002
87,2          0,0040
87,3          0,0103
87,4          0,0174
87,5          0,0215
87,6          0,0208
87,7          0,0168
87,8          0,0097
87,9          0,0030
88,0          0,0000
88,1          0,0018
88,2          0,0071
88,3          0,0148
88,4          0,0204
88,5          0,0217
88,6          0,0187
88,7          0,0122
88,8          0,0054
88,9          0,0007
89,0          0,0005
89,1          0,0043
89,2          0,0115
89,3          0,0179
89,4          0,0212
89,5          0,0201
89,6          0,0151
89,7          0,0081
89,8          0,0023
89,9          0,0000
90,0          0,0023
90,1          0,0080
90,2          0,0152
90,3          0,0203
90,4          0,0211
90,5          0,0177
90,6          0,0109
90,7          0,0044
90,8          0,0004
90,9          0,0008
91,0          0,0053
91,1          0,0120
91,2          0,0182
91,3          0,0213
91,4          0,0192
91,5          0,0136
91,6          0,0069
91,7          0,0017
91,8          0,0000
91,9          0,0029
92,0          0,0090
92,1          0,0159
92,2          0,0202
92,3          0,0203
92,4          0,0164
92,5          0,0098
92,6          0,0035
92,7          0,0002
92,8          0,0012
92,9          0,0061
93,0          0,0128
93,1          0,0182
93,2          0,0208
93,3          0,0188
93,4          0,0125
93,5          0,0059
93,6          0,0011
93,7          0,0002
93,8          0,0035
93,9          0,0099
94,0          0,0161
94,1          0,0202
94,2          0,0199
94,3          0,0150
94,4          0,0084
94,5          0,0026
94,6          0,0000
94,7          0,0016
94,8          0,0068
94,9          0,0134
95,0          0,0185
95,1          0,0202
95,2          0,0174
95,3          0,0115
95,4          0,0049
95,5          0,0007
95,6          0,0004
95,7          0,0044
95,8          0,0105
95,9          0,0165
96,0          0,0201
96,1          0,0184
96,2          0,0137
96,3          0,0075
96,4          0,0021
96,5          0,0000
96,6          0,0022
96,7          0,0076
96,8          0,0139
96,9          0,0185
97,0          0,0196
97,1          0,0163
97,2          0,0101
97,3          0,0040
97,4          0,0004
97,5          0,0007
97,6          0,0050
97,7          0,0111
97,8          0,0167
97,9          0,0194
98,0          0,0180
98,1          0,0128
98,2          0,0065
98,3          0,0015
98,4          0,0001
98,5          0,0027
98,6          0,0082
98,7          0,0144
98,8          0,0187
98,9          0,0190
99,0          0,0148
99,1          0,0090
99,2          0,0034
99,3          0,0001
99,4          0,0011
99,5          0,0055
99,6          0,0119
99,7          0,0171
99,8          0,0190
99,9          0,0171
100,0         0,0116
100,1         0,0055
100,2         0,0010
100,3         0,0002
100,4         0,0032
100,5         0,0091
100,6         0,0152
100,7         0,0184
100,8         0,0179
100,9         0,0138
101,0         0,0082
101,1         0,0027
101,2         0,0000
101,3         0,0015
101,4         0,0063
101,5         0,0126
101,6         0,0174
101,7         0,0184
101,8         0,0158
101,9         0,0105
102,0         0,0045
102,1         0,0006
102,2         0,0004
102,3         0,0040
102,4         0,0098
102,5         0,0150
102,6         0,0180
102,7         0,0173
102,8         0,0131
102,9         0,0069
103,0         0,0019
103,1         0,0000
103,2         0,0020
103,3         0,0071
103,4         0,0131
103,5         0,0171
103,6         0,0181
103,7         0,0151
103,8         0,0095
103,9         0,0036
104,0         0,0003
104,1         0,0007
104,2         0,0046
104,3         0,0102
104,4         0,0153
104,5         0,0180
104,6         0,0164
104,7         0,0119
104,8         0,0059
104,9         0,0015
105,0         0,0000
105,1         0,0027
105,2         0,0079
105,3         0,0134
105,4         0,0171
105,5         0,0172
105,6         0,0139
105,7         0,0082
105,8         0,0029
105,9         0,0001
106,0         0,0010
106,1         0,0052
106,2         0,0110
106,3         0,0155
106,4         0,0175
106,5         0,0159
106,6         0,0108
106,7         0,0051
106,8         0,0009
106,9         0,0002
107,0         0,0031
107,1         0,0086
107,2         0,0139
107,3         0,0169
107,4         0,0167
107,5         0,0131
107,6         0,0073
107,7         0,0022
107,8         0,0000
107,9         0,0013
108,0         0,0060
108,1         0,0117
108,2         0,0159
108,3         0,0169
108,4         0,0146
108,5         0,0099
108,6         0,0042
108,7         0,0006
108,8         0,0003
108,9         0,0039
109,0         0,0092
109,1         0,0140
109,2         0,0169
109,3         0,0162
109,4         0,0118
109,5         0,0063
109,6         0,0018
109,7         0,0000
109,8         0,0019
109,9         0,0065
110,0         0,0119
110,1         0,0159
110,2         0,0170
110,3         0,0138
110,4         0,0087
110,5         0,0034
110,6         0,0003
110,7         0,0006
110,8         0,0044
110,9         0,0096
111,0         0,0146
111,1         0,0168
111,2         0,0153
111,3         0,0109
111,4         0,0053
111,5         0,0013
111,6         0,0000
111,7         0,0024
111,8         0,0073
111,9         0,0125
112,0         0,0160
112,1         0,0159
112,2         0,0126
112,3         0,0077
112,4         0,0027
112,5         0,0001
112,6         0,0009
112,7         0,0047
112,8         0,0103
112,9         0,0148
113,0         0,0163
113,1         0,0146
113,2         0,0099
113,3         0,0046
113,4         0,0009
113,5         0,0002
113,6         0,0030
113,7         0,0079
113,8         0,0127
113,9         0,0156
114,0         0,0155
114,1         0,0120
114,2         0,0067
114,3         0,0023
114,4         0,0000
114,5         0,0014
114,6         0,0058
114,7         0,0110
114,8         0,0145
114,9         0,0159
115,0         0,0138
115,1         0,0087
115,2         0,0039
115,3         0,0005
115,4         0,0004
115,5         0,0033
115,6         0,0082
115,7         0,0134
115,8         0,0159
115,9         0,0147
116,0         0,0111
116,1         0,0059
116,2         0,0015
116,3         0,0000
116,4         0,0018
116,5         0,0062
116,6         0,0113
116,7         0,0148
116,8         0,0154
116,9         0,0127
117,0         0,0078
117,1         0,0030
117,2         0,0003
117,3         0,0006
117,4         0,0040
117,5         0,0091
117,6         0,0135
117,7         0,0155
117,8         0,0139
117,9         0,0100
118,0         0,0052
118,1         0,0011
118,2         0,0001
118,3         0,0022
118,4         0,0068
118,5         0,0119
118,6         0,0150
118,7         0,0148
118,8         0,0116
118,9         0,0072
119,0         0,0025
119,1         0,0001
119,2         0,0009
119,3         0,0045
119,4         0,0095
119,5         0,0137
119,6         0,0151
119,7         0,0134
119,8         0,0092
119,9         0,0043
120,0         0,0008
120,1         0,0002
120,2         0,0027
120,3         0,0075
120,4         0,0120
120,5         0,0146
120,6         0,0144
120,7         0,0109
120,8         0,0062
120,9         0,0019
121,0         0,0000
121,1         0,0013
121,2         0,0052
121,3         0,0102
121,4         0,0135
121,5         0,0146
121,6         0,0129
121,7         0,0083
121,8         0,0036
121,9         0,0005
122,0         0,0004
122,1         0,0034
122,2         0,0078
122,3         0,0121
122,4         0,0146
122,5         0,0138
122,6         0,0102
122,7         0,0053
122,8         0,0014
122,9         0,0000
123,0         0,0017
123,1         0,0058
123,2         0,0103
123,3         0,0141
123,4         0,0143
123,5         0,0116
123,6         0,0074
123,7         0,0029
123,8         0,0002
123,9         0,0006
124,0         0,0039
124,1         0,0085
124,2         0,0126
124,3         0,0144
124,4         0,0130
124,5         0,0092
124,6         0,0045
124,7         0,0010
124,8         0,0000
124,9         0,0021
125,0         0,0066
125,1         0,0108
125,2         0,0138
125,3         0,0140
125,4         0,0109
125,5         0,0065
125,6         0,0023
125,7         0,0001
125,8         0,0009
125,9         0,0044
126,0         0,0088
126,1         0,0127
126,2         0,0142
126,3         0,0122
126,4         0,0083
126,5         0,0038
126,6         0,0007
126,7         0,0002
126,8         0,0026
126,9         0,0070
127,0         0,0112
127,1         0,0136
127,2         0,0133
127,3         0,0101
127,4         0,0057
127,5         0,0017
127,6         0,0000
127,7         0,0012
127,8         0,0051
127,9         0,0096
128,0         0,0126
128,1         0,0134
128,2         0,0117
128,3         0,0075
128,4         0,0032
128,5         0,0004
128,6         0,0003
128,7         0,0030
128,8         0,0073
128,9         0,0115
129,0         0,0137
129,1         0,0126
129,2         0,0093
129,3         0,0047
129,4         0,0014
129,5         0,0000
129,6         0,0018
129,7         0,0055
129,8         0,0097
129,9         0,0131
130,0         0,0131
130,1         0,0106
130,2         0,0067
130,3         0,0025
130,4         0,0002
130,5         0,0006
130,6         0,0036
130,7         0,0078
130,8         0,0117
130,9         0,0132
131,0         0,0120
131,1         0,0086
131,2         0,0041
131,3         0,0009
131,4         0,0000
131,5         0,0020
131,6         0,0062
131,7         0,0101
131,8         0,0126
131,9         0,0128
132,0         0,0102
132,1         0,0058
132,2         0,0020
132,3         0,0001
132,4         0,0009
132,5         0,0040
132,6         0,0083
132,7         0,0121
132,8         0,0129
132,9         0,0112
133,0         0,0078
133,1         0,0035
133,2         0,0006
133,3         0,0001
133,4         0,0025
133,5         0,0066
133,6         0,0104
133,7         0,0129
133,8         0,0123
133,9         0,0089
134,0         0,0051
134,1         0,0016
134,2         0,0000
134,3         0,0013
134,4         0,0045
134,5         0,0087
134,6         0,0119
134,7         0,0125
134,8         0,0106
134,9         0,0071
135,0         0,0029
135,1         0,0003
135,2         0,0003
135,3         0,0029
135,4         0,0070
135,5         0,0108
135,6         0,0126
135,7         0,0114
135,8         0,0086
135,9         0,0045
136,0         0,0011
136,1         0,0000
136,2         0,0015
136,3         0,0051
136,4         0,0091
136,5         0,0121
136,6         0,0120
136,7         0,0098
136,8         0,0063
136,9         0,0023
137,0         0,0002
137,1         0,0005
137,2         0,0035
137,3         0,0074
137,4         0,0108
137,5         0,0123
137,6         0,0112
137,7         0,0077
137,8         0,0038
137,9         0,0008
138,0         0,0001
138,1         0,0020
138,2         0,0057
138,3         0,0095
138,4         0,0116
138,5         0,0118
138,6         0,0096
138,7         0,0054
138,8         0,0018
138,9         0,0001
139,0         0,0009
139,1         0,0040
139,2         0,0078
139,3         0,0108
139,4         0,0121
139,5         0,0106
139,6         0,0070
139,7         0,0032
139,8         0,0005
139,9         0,0002
140,0         0,0023
140,1         0,0059
140,2         0,0097
140,3         0,0117
140,4         0,0113
140,5         0,0086
140,6         0,0047
140,7         0,0014
140,8         0,0000
140,9         0,0012
141,0         0,0043
141,1         0,0082
141,2         0,0109
141,3         0,0118
141,4         0,0098
141,5         0,0063
141,6         0,0026
141,7         0,0003
141,8         0,0003
141,9         0,0027
142,0         0,0065
142,1         0,0101
142,2         0,0114
142,3         0,0107
142,4         0,0079
142,5         0,0041
142,6         0,0010
142,7         0,0000
142,8         0,0015
142,9         0,0048
143,0         0,0086
143,1         0,0110
143,2         0,0114
143,3         0,0092
143,4         0,0055
143,5         0,0020
143,6         0,0001
143,7         0,0005
143,8         0,0032
143,9         0,0068
144,0         0,0100
144,1         0,0112
144,2         0,0101
144,3         0,0071
144,4         0,0035
144,5         0,0008
144,6         0,0001
144,7         0,0018
144,8         0,0053
144,9         0,0088
145,0         0,0109
145,1         0,0111
145,2         0,0085
145,3         0,0047
145,4         0,0016
145,5         0,0000
145,6         0,0008
145,7         0,0036
145,8         0,0071
145,9         0,0102
146,0         0,0111
146,1         0,0096
146,2         0,0064
146,3         0,0029
146,4         0,0005
146,5         0,0002
146,6         0,0022
146,7         0,0056
146,8         0,0090
146,9         0,0108
147,0         0,0103
147,1         0,0076
147,2         0,0043
147,3         0,0013
147,4         0,0000
147,5         0,0010
147,6         0,0040
147,7         0,0078
147,8         0,0100
147,9         0,0105
148,0         0,0092
148,1         0,0059
148,2         0,0024
148,3         0,0002
148,4         0,0004
148,5         0,0026
148,6         0,0060
148,7         0,0090
148,8         0,0107
148,9         0,0100
149,0         0,0070
149,1         0,0036
149,2         0,0009
149,3         0,0000
149,4         0,0015
149,5         0,0045
149,6         0,0077
149,7         0,0100
149,8         0,0103
149,9         0,0083
150,0         0,0052
150,1         0,0020
150,2         0,0001
150,3         0,0006
150,4         0,0030
150,5         0,0064
150,6         0,0094
150,7         0,0103
150,8         0,0093
150,9         0,0064
151,0         0,0030
151,1         0,0006
151,2         0,0001
151,3         0,0017
151,4         0,0049
151,5         0,0081
151,6         0,0100
151,7         0,0099
151,8         0,0076
151,9         0,0044
152,0         0,0015
152,1         0,0000
152,2         0,0008
152,3         0,0033
152,4         0,0066
152,5         0,0093
152,6         0,0101
152,7         0,0089
152,8         0,0058
152,9         0,0026
153,0         0,0004
153,1         0,0002
153,2         0,0021
153,3         0,0054
153,4         0,0082
153,5         0,0098
153,6         0,0096
153,7         0,0071
153,8         0,0039
153,9         0,0011
154,0         0,0000
154,1         0,0010
154,2         0,0038
154,3         0,0071
154,4         0,0095
154,5         0,0098
154,6         0,0081
154,7         0,0051
154,8         0,0021
154,9         0,0002
155,0         0,0003
155,1         0,0024
155,2         0,0056
155,3         0,0085
155,4         0,0097
155,5         0,0092
155,6         0,0066
155,7         0,0032
155,8         0,0008
155,9         0,0000
156,0         0,0013
156,1         0,0042
156,2         0,0071
156,3         0,0094
156,4         0,0095
156,5         0,0074
156,6         0,0047
156,7         0,0016
156,8         0,0001
156,9         0,0004
157,0         0,0028
157,1         0,0060
157,2         0,0084
157,3         0,0095
157,4         0,0086
157,5         0,0061
157,6         0,0029
157,7         0,0005
157,8         0,0001
157,9         0,0016
158,0         0,0046
158,1         0,0075
158,2         0,0089
158,3         0,0091
158,4         0,0072
158,5         0,0041
158,6         0,0014
158,7         0,0000
158,8         0,0008
158,9         0,0032
159,0         0,0062
159,1         0,0085
159,2         0,0093
159,3         0,0079
159,4         0,0052
159,5         0,0023
159,6         0,0004
159,7         0,0002
159,8         0,0021
159,9         0,0049
160,0         0,0075
160,1         0,0092
160,2         0,0086
160,3         0,0063
160,4         0,0035
160,5         0,0010
160,6         0,0000
160,7         0,0010
160,8         0,0034
160,9         0,0063
161,0         0,0087
161,1         0,0091
161,2         0,0074
161,3         0,0048
161,4         0,0018
161,5         0,0002
161,6         0,0003
161,7         0,0023
161,8         0,0053
161,9         0,0076
162,0         0,0089
162,1         0,0083
162,2         0,0057
162,3         0,0029
162,4         0,0007
162,5         0,0000
162,6         0,0012
162,7         0,0037
162,8         0,0066
162,9         0,0085
163,0         0,0086
163,1         0,0070
163,2         0,0043
163,3         0,0014
163,4         0,0001
163,5         0,0004
163,6         0,0025
163,7         0,0054
163,8         0,0080
163,9         0,0088
164,0         0,0076
164,1         0,0052
164,2         0,0025
164,3         0,0005
164,4         0,0001
164,5         0,0015
164,6         0,0042
164,7         0,0068
164,8         0,0082
164,9         0,0084
165,0         0,0065
165,1         0,0036
165,2         0,0012
165,3         0,0000
165,4         0,0007
165,5         0,0029
165,6         0,0057
165,7         0,0080
165,8         0,0085
165,9         0,0071
166,0         0,0047
166,1         0,0021
166,2         0,0002
166,3         0,0002
166,4         0,0018
166,5         0,0042
166,6         0,0068
166,7         0,0083
166,8         0,0078
166,9         0,0059
167,0         0,0031
167,1         0,0008
167,2         0,0000
167,3         0,0009
167,4         0,0032
167,5         0,0059
167,6         0,0078
167,7         0,0083
167,8         0,0067
167,9         0,0040
168,0         0,0017
168,1         0,0002
168,2         0,0003
168,3         0,0021
168,4         0,0047
168,5         0,0070
168,6         0,0083
168,7         0,0073
168,8         0,0052
168,9         0,0026
169,0         0,0006
169,1         0,0000
169,2         0,0011
169,3         0,0035
169,4         0,0060
169,5         0,0077
169,6         0,0078
169,7         0,0061
169,8         0,0037
169,9         0,0014
170,0         0,0001
170,1         0,0004
170,2         0,0025
170,3         0,0049
170,4         0,0069
170,5         0,0080
170,6         0,0068
170,7         0,0048
170,8         0,0022
170,9         0,0004
171,0         0,0001
171,1         0,0014
171,2         0,0037
171,3         0,0061
171,4         0,0076
171,5         0,0074
171,6         0,0056
171,7         0,0032
171,8         0,0010
171,9         0,0000
172,0         0,0006
172,1         0,0027
172,2         0,0050
172,3         0,0070
172,4         0,0076
172,5         0,0064
172,6         0,0042
172,7         0,0018
172,8         0,0002
172,9         0,0002
173,0         0,0016
173,1         0,0040
173,2         0,0063
173,3         0,0075
173,4         0,0069
173,5         0,0052
173,6         0,0027
173,7         0,0007
173,8         0,0000
173,9         0,0008
174,0         0,0029
174,1         0,0053
174,2         0,0070
174,3         0,0072
174,4         0,0060
174,5         0,0037
174,6         0,0014
174,7         0,0001
174,8         0,0003
174,9         0,0020
175,0         0,0044
175,1         0,0063
175,2         0,0071
175,3         0,0066
175,4         0,0046
175,5         0,0023
175,6         0,0006
175,7         0,0000
175,8         0,0011
175,9         0,0031
176,0         0,0055
176,1         0,0071
176,2         0,0071
176,3         0,0054
176,4         0,0032
176,5         0,0012
176,6         0,0001
176,7         0,0004
176,8         0,0023
176,9         0,0044
177,0         0,0062
177,1         0,0070
177,2         0,0061
177,3         0,0044
177,4         0,0020
177,5         0,0003
177,6         0,0001
177,7         0,0014
177,8         0,0034
177,9         0,0054
178,0         0,0067
178,1         0,0067
178,2         0,0053
178,3         0,0029
178,4         0,0008
178,5         0,0000
178,6         0,0006
178,7         0,0023
178,8         0,0047
178,9         0,0064
179,0         0,0066
179,1         0,0058
179,2         0,0039
179,3         0,0016
179,4         0,0002
179,5         0,0001
179,6         0,0015
179,7         0,0038
179,8         0,0056
179,9         0,0065
180,0         0,0063
180,1         0,0048
180,2         0,0025
180,3         0,0007
180,4         0,0000
180,5         0,0008
180,6         0,0026
180,7         0,0049
180,8         0,0062
180,9         0,0065
181,0         0,0053
181,1         0,0034
181,2         0,0013
181,3         0,0001
181,4         0,0002
181,5         0,0017
181,6         0,0040
181,7         0,0058
181,8         0,0062
181,9         0,0058
182,0         0,0042
182,1         0,0021
182,2         0,0005
182,3         0,0000
182,4         0,0010
182,5         0,0029
182,6         0,0049
182,7         0,0063
182,8         0,0062
182,9         0,0050
183,0         0,0029
183,1         0,0009
183,2         0,0000
183,3         0,0004
183,4         0,0019
183,5         0,0039
183,6         0,0057
183,7         0,0063
183,8         0,0055
183,9         0,0038
184,0         0,0017
184,1         0,0003
184,2         0,0001
184,3         0,0013
184,4         0,0031
184,5         0,0049
184,6         0,0062
184,7         0,0058
184,8         0,0044
184,9         0,0025
185,0         0,0008
185,1         0,0000
185,2         0,0006
185,3         0,0023
185,4         0,0041
185,5         0,0056
185,6         0,0060
185,7         0,0051
185,8         0,0034
185,9         0,0014
186,0         0,0001
186,1         0,0001
186,2         0,0014
186,3         0,0033
186,4         0,0049
186,5         0,0059
186,6         0,0056
186,7         0,0040
186,8         0,0022
186,9         0,0005
187,0         0,0000
187,1         0,0007
187,2         0,0025
187,3         0,0043
187,4         0,0055
187,5         0,0057
187,6         0,0047
187,7         0,0029
187,8         0,0011
187,9         0,0001
188,0         0,0002
188,1         0,0016
188,2         0,0033
188,3         0,0049
188,4         0,0059
188,5         0,0052
188,6         0,0037
188,7         0,0018
188,8         0,0003
188,9         0,0000
189,0         0,0008
189,1         0,0026
189,2         0,0045
189,3         0,0055
189,4         0,0054
189,5         0,0043
189,6         0,0024
189,7         0,0008
189,8         0,0000
189,9         0,0004
190,0         0,0018
190,1         0,0035
190,2         0,0048
190,3         0,0054
190,4         0,0049
190,5         0,0032
190,6         0,0014
190,7         0,0003
190,8         0,0001
190,9         0,0010
191,0         0,0028
191,1         0,0046
191,2         0,0053
191,3         0,0050
191,4         0,0040
191,5         0,0021
191,6         0,0006
191,7         0,0000
191,8         0,0006
191,9         0,0019
192,0         0,0036
192,1         0,0050
192,2         0,0052
192,3         0,0044
192,4         0,0028
192,5         0,0012
192,6         0,0001
192,7         0,0001
192,8         0,0012
192,9         0,0029
193,0         0,0046
193,1         0,0052
193,2         0,0047
193,3         0,0035
193,4         0,0018
193,5         0,0004
193,6         0,0000
193,7         0,0007
193,8         0,0021
193,9         0,0036
194,0         0,0050
194,1         0,0051
194,2         0,0040
194,3         0,0026
194,4         0,0009
194,5         0,0001
194,6         0,0002
194,7         0,0014
194,8         0,0029
194,9         0,0047
195,0         0,0051
195,1         0,0045
195,2         0,0032
195,3         0,0015
195,4         0,0003
195,5         0,0000
195,6         0,0009
195,7         0,0023
195,8         0,0038
195,9         0,0048
196,0         0,0047
196,1         0,0038
196,2         0,0021
196,3         0,0007
196,4         0,0000
196,5         0,0004
196,6         0,0016
196,7         0,0031
196,8         0,0045
196,9         0,0050
197,0         0,0040
197,1         0,0028
197,2         0,0014
197,3         0,0002
197,4         0,0001
197,5         0,0009
197,6         0,0024
197,7         0,0040
197,8         0,0047
197,9         0,0045
198,0         0,0034
198,1         0,0018
198,2         0,0006
198,3         0,0000
198,4         0,0005
198,5         0,0017
198,6         0,0032
198,7         0,0045
198,8         0,0045
198,9         0,0038
199,0         0,0025
199,1         0,0010
199,2         0,0001
199,3         0,0002
199,4         0,0012
199,5         0,0025
199,6         0,0038
199,7         0,0046
199,8         0,0042
199,9         0,0031
200,0         0,0016
200,1         0,0003
200,2         0,0000
200,3         0,0006
200,4         0,0019
200,5         0,0033
200,6         0,0045
200,7         0,0043
200,8         0,0034
200,9         0,0021
201,0         0,0008
201,1         0,0000
201,2         0,0002
201,3         0,0014
201,4         0,0027
201,5         0,0039
201,6         0,0044
201,7         0,0038
201,8         0,0028
201,9         0,0012
202,0         0,0003
202,1         0,0000
202,2         0,0008
202,3         0,0021
202,4         0,0035
202,5         0,0041
202,6         0,0042
202,7         0,0032
202,8         0,0018
202,9         0,0006
203,0         0,0000
203,1         0,0003
203,2         0,0014
203,3         0,0028
203,4         0,0039
203,5         0,0041
203,6         0,0035
203,7         0,0024
203,8         0,0010
203,9         0,0001
204,0         0,0001
204,1         0,0008
204,2         0,0021
204,3         0,0035
204,4         0,0041
204,5         0,0038
204,6         0,0028
204,7         0,0016
204,8         0,0004
204,9         0,0000
205,0         0,0004
205,1         0,0016
205,2         0,0029
205,3         0,0037
205,4         0,0040
205,5         0,0034
205,6         0,0020
205,7         0,0008
205,8         0,0001
205,9         0,0001
206,0         0,0010
206,1         0,0024
206,2         0,0035
206,3         0,0040
206,4         0,0035
206,5         0,0025
206,6         0,0014
206,7         0,0003
206,8         0,0000
206,9         0,0005
207,0         0,0017
207,1         0,0031
207,2         0,0037
207,3         0,0037
207,4         0,0031
207,5         0,0019
207,6         0,0006
207,7         0,0000
207,8         0,0002
207,9         0,0012
208,0         0,0025
208,1         0,0034
208,2         0,0036
208,3         0,0034
208,4         0,0024
208,5         0,0011
208,6         0,0002
208,7         0,0000
208,8         0,0007
208,9         0,0018
209,0         0,0030
209,1         0,0036
209,2         0,0035
209,3         0,0027
209,4         0,0016
209,5         0,0004
209,6         0,0000
209,7         0,0003
209,8         0,0013
209,9         0,0025
210,0         0,0034
210,1         0,0037
210,2         0,0030
210,3         0,0020
210,4         0,0008
210,5         0,0001
210,6         0,0001
210,7         0,0008
210,8         0,0020
210,9         0,0031
211,0         0,0034
211,1         0,0032
211,2         0,0025
211,3         0,0013
211,4         0,0003
211,5         0,0000
211,6         0,0004
211,7         0,0014
211,8         0,0025
211,9         0,0033
212,0         0,0034
212,1         0,0029
212,2         0,0018
212,3         0,0006
212,4         0,0001
212,5         0,0001
212,6         0,0010
212,7         0,0020
212,8         0,0030
212,9         0,0035
213,0         0,0031
213,1         0,0021
213,2         0,0010
213,3         0,0002
213,4         0,0000
213,5         0,0005
213,6         0,0014
213,7         0,0026
213,8         0,0034
213,9         0,0032
214,0         0,0025
214,1         0,0015
214,2         0,0006
214,3         0,0000
214,4         0,0003
214,5         0,0011
214,6         0,0021
214,7         0,0029
214,8         0,0033
214,9         0,0028
215,0         0,0020
215,1         0,0009
215,2         0,0001
215,3         0,0001
215,4         0,0006
215,5         0,0016
215,6         0,0026
215,7         0,0032
215,8         0,0031
215,9         0,0024
216,0         0,0013
216,1         0,0004
216,2         0,0000
216,3         0,0003
216,4         0,0012
216,5         0,0022
216,6         0,0029
216,7         0,0031
216,8         0,0027
216,9         0,0017
217,0         0,0006
217,1         0,0001
217,2         0,0001
217,3         0,0008
217,4         0,0018
217,5         0,0025
217,6         0,0030
217,7         0,0029
217,8         0,0021
217,9         0,0011
218,0         0,0002
218,1         0,0000
218,2         0,0004
218,3         0,0013
218,4         0,0023
218,5         0,0029
218,6         0,0030
218,7         0,0023
218,8         0,0014
218,9         0,0006
219,0         0,0000
219,1         0,0001
219,2         0,0008
219,3         0,0019
219,4         0,0027
219,5         0,0029
219,6         0,0027
219,7         0,0019
219,8         0,0008
219,9         0,0002
220,0         0,0000
220,1         0,0005
220,2         0,0014
220,3         0,0024
220,4         0,0029
220,5         0,0027
220,6         0,0021
220,7         0,0013
220,8         0,0004
220,9         0,0000
221,0         0,0002
221,1         0,0009
221,2         0,0019
221,3         0,0028
221,4         0,0029
221,5         0,0023
221,6         0,0017
221,7         0,0007
221,8         0,0001
221,9         0,0000
222,0         0,0006
222,1         0,0015
222,2         0,0024
222,3         0,0028
222,4         0,0026
222,5         0,0021
222,6         0,0011
222,7         0,0003
222,8         0,0000
222,9         0,0003
223,0         0,0011
223,1         0,0020
223,2         0,0026
223,3         0,0026
223,4         0,0022
223,5         0,0015
223,6         0,0006
223,7         0,0000
223,8         0,0001
223,9         0,0007
224,0         0,0015
224,1         0,0022
224,2         0,0027
224,3         0,0025
224,4         0,0018
224,5         0,0008
224,6         0,0002
224,7         0,0000
224,8         0,0004
224,9         0,0011
225,0         0,0020
225,1         0,0026
225,2         0,0025
225,3         0,0020
225,4         0,0013
225,5         0,0005
225,6         0,0000
225,7         0,0001
225,8         0,0008
225,9         0,0016
226,0         0,0024
226,1         0,0027
226,2         0,0022
226,3         0,0015
226,4         0,0007
226,5         0,0001
226,6         0,0000
226,7         0,0004
226,8         0,0013
226,9         0,0020
227,0         0,0024
227,1         0,0025
227,2         0,0020
227,3         0,0011
227,4         0,0003
227,5         0,0000
227,6         0,0002
227,7         0,0008
227,8         0,0018
227,9         0,0024
228,0         0,0025
228,1         0,0021
228,2         0,0013
228,3         0,0006
228,4         0,0001
228,5         0,0001
228,6         0,0006
228,7         0,0014
228,8         0,0020
228,9         0,0025
229,0         0,0023
229,1         0,0016
229,2         0,0009
229,3         0,0002
229,4         0,0000
229,5         0,0003
229,6         0,0010
229,7         0,0018
229,8         0,0023
229,9         0,0024
230,0         0,0020
230,1         0,0012
230,2         0,0004
230,3         0,0000
230,4         0,0001
230,5         0,0006
230,6         0,0014
230,7         0,0021
230,8         0,0024
230,9         0,0021
231,0         0,0016
231,1         0,0007
231,2         0,0001
231,3         0,0000
231,4         0,0003
231,5         0,0010
231,6         0,0018
231,7         0,0022
231,8         0,0022
231,9         0,0017
232,0         0,0010
232,1         0,0003
232,2         0,0000
232,3         0,0002
232,4         0,0007
232,5         0,0014
232,6         0,0021
232,7         0,0023
232,8         0,0019
232,9         0,0013
233,0         0,0006
233,1         0,0001
233,2         0,0000
233,3         0,0005
233,4         0,0012
233,5         0,0018
233,6         0,0023
233,7         0,0021
233,8         0,0015
233,9         0,0008
234,0         0,0002
234,1         0,0000
234,2         0,0002
234,3         0,0008
234,4         0,0015
234,5         0,0020
234,6         0,0021
234,7         0,0018
234,8         0,0011
234,9         0,0004
235,0         0,0001
235,1         0,0001
235,2         0,0006
235,3         0,0013
235,4         0,0018
235,5         0,0021
235,6         0,0020
235,7         0,0014
235,8         0,0007
235,9         0,0002
236,0         0,0000
236,1         0,0003
236,2         0,0009
236,3         0,0016
236,4         0,0019
236,5         0,0020
236,6         0,0017
236,7         0,0009
236,8         0,0003
236,9         0,0000
237,0         0,0001
237,1         0,0006
237,2         0,0013
237,3         0,0019
237,4         0,0020
237,5         0,0018
237,6         0,0012
237,7         0,0005
237,8         0,0001
237,9         0,0000
238,0         0,0004
238,1         0,0010
238,2         0,0016
238,3         0,0019
238,4         0,0019
238,5         0,0015
238,6         0,0008
238,7         0,0003
238,8         0,0000
238,9         0,0002
239,0         0,0007
239,1         0,0012
239,2         0,0018
239,3         0,0020
239,4         0,0017
239,5         0,0011
239,6         0,0004
239,7         0,0000
239,8         0,0000
239,9         0,0004
240,0         0,0010
240,1         0,0015
240,2         0,0019
240,3         0,0018
240,4         0,0013
240,5         0,0007
240,6         0,0002
240,7         0,0000
240,8         0,0002
240,9         0,0008
241,0         0,0013
241,1         0,0017
241,2         0,0018
241,3         0,0015
241,4         0,0010
241,5         0,0003
241,6         0,0000
241,7         0,0001
241,8         0,0005
241,9         0,0011
242,0         0,0016
242,1         0,0018
242,2         0,0016
242,3         0,0012
242,4         0,0006
242,5         0,0001
242,6         0,0000
242,7         0,0003
242,8         0,0008
242,9         0,0014
243,0         0,0018
243,1         0,0018
243,2         0,0013
243,3         0,0008
243,4         0,0003
243,5         0,0000
243,6         0,0001
243,7         0,0006
243,8         0,0012
243,9         0,0016
244,0         0,0017
244,1         0,0016
244,2         0,0010
244,3         0,0004
244,4         0,0001
244,5         0,0000
244,6         0,0003
244,7         0,0009
244,8         0,0014
244,9         0,0016
245,0         0,0016
245,1         0,0012
245,2         0,0007
245,3         0,0002
245,4         0,0000
245,5         0,0002
245,6         0,0006
245,7         0,0011
245,8         0,0016
245,9         0,0016
246,0         0,0014
246,1         0,0009
246,2         0,0003
246,3         0,0000
246,4         0,0001
246,5         0,0004
246,6         0,0008
246,7         0,0014
246,8         0,0017
246,9         0,0016
247,0         0,0010
247,1         0,0006
247,2         0,0001
247,3         0,0000
247,4         0,0002
247,5         0,0007
247,6         0,0012
247,7         0,0016
247,8         0,0016
247,9         0,0012
248,0         0,0008
248,1         0,0003
248,2         0,0000
248,3         0,0001
248,4         0,0004
248,5         0,0010
248,6         0,0015
248,7         0,0016
248,8         0,0013
248,9         0,0009
249,0         0,0004
249,1         0,0001
249,2         0,0000
249,3         0,0003
249,4         0,0007
249,5         0,0013
249,6         0,0015
249,7         0,0014
249,8         0,0011
249,9         0,0006
250,0         0,0002
250,1         0,0000
250,2         0,0001
250,3         0,0006
250,4         0,0010
250,5         0,0014
250,6         0,0015
250,7         0,0012
250,8         0,0008
250,9         0,0003
251,0         0,0001
251,1         0,0000
251,2         0,0003
251,3         0,0008
251,4         0,0012
251,5         0,0015
251,6         0,0013
251,7         0,0010
251,8         0,0005
251,9         0,0001
252,0         0,0000
252,1         0,0001
252,2         0,0006
252,3         0,0011
252,4         0,0014
252,5         0,0014
252,6         0,0011
252,7         0,0007
252,8         0,0003
252,9         0,0000
253,0         0,0001
253,1         0,0004
253,2         0,0008
253,3         0,0012
253,4         0,0014
253,5         0,0013
253,6         0,0008
253,7         0,0004
253,8         0,0001
253,9         0,0000
254,0         0,0002
254,1         0,0006
254,2         0,0010
254,3         0,0012
254,4         0,0013
254,5         0,0010
254,6         0,0006
254,7         0,0002
254,8         0,0000
254,9         0,0001
255,0         0,0004
255,1         0,0008
255,2         0,0012
255,3         0,0014
255,4         0,0012
255,5         0,0007
255,6         0,0003
255,7         0,0001
255,8         0,0000
255,9         0,0002
256,0         0,0007
256,1         0,0011
256,2         0,0012
256,3         0,0012
256,4         0,0009
256,5         0,0004
256,6         0,0001
256,7         0,0000
256,8         0,0001
256,9         0,0005
257,0         0,0009
257,1         0,0011
257,2         0,0012
257,3         0,0010
257,4         0,0006
257,5         0,0003
257,6         0,0000
257,7         0,0000
257,8         0,0002
257,9         0,0007
258,0         0,0011
258,1         0,0012
258,2         0,0011
258,3         0,0008
258,4         0,0004
258,5         0,0001
258,6         0,0000
258,7         0,0002
258,8         0,0005
258,9         0,0009
259,0         0,0012
259,1         0,0011
259,2         0,0009
259,3         0,0005
259,4         0,0002
259,5         0,0000
259,6         0,0001
259,7         0,0003
259,8         0,0008
259,9         0,0011
260,0         0,0011
260,1         0,0010
260,2         0,0007
260,3         0,0002
260,4         0,0000
260,5         0,0000
260,6         0,0002
260,7         0,0006
260,8         0,0009
260,9         0,0010
261,0         0,0010
261,1         0,0008
261,2         0,0004
261,3         0,0001
261,4         0,0000
261,5         0,0001
261,6         0,0004
261,7         0,0008
261,8         0,0010
261,9         0,0011
262,0         0,0008
262,1         0,0006
262,2         0,0002
262,3         0,0000
262,4         0,0000
262,5         0,0002
262,6         0,0006
262,7         0,0009
262,8         0,0011
262,9         0,0009
263,0         0,0007
263,1         0,0003
263,2         0,0001
263,3         0,0000
263,4         0,0001
263,5         0,0004
263,6         0,0008
263,7         0,0010
263,8         0,0010
263,9         0,0008
264,0         0,0004
264,1         0,0002
264,2         0,0000
264,3         0,0001
264,4         0,0003
264,5         0,0006
264,6         0,0008
264,7         0,0010
264,8         0,0009
264,9         0,0006
265,0         0,0003
265,1         0,0001
265,2         0,0000
265,3         0,0001
265,4         0,0004
265,5         0,0008
265,6         0,0009
265,7         0,0008
265,8         0,0008
265,9         0,0004
266,0         0,0001
266,1         0,0000
266,2         0,0001
266,3         0,0003
266,4         0,0006
266,5         0,0009
266,6         0,0009
266,7         0,0008
266,8         0,0006
266,9         0,0003
267,0         0,0000
267,1         0,0000
267,2         0,0002
267,3         0,0004
267,4         0,0008
267,5         0,0010
267,6         0,0008
267,7         0,0006
267,8         0,0003
267,9         0,0001
268,0         0,0000
268,1         0,0001
268,2         0,0004
268,3         0,0006
268,4         0,0008
268,5         0,0009
268,6         0,0007
268,7         0,0004
268,8         0,0002
268,9         0,0000
269,0         0,0000
269,1         0,0002
269,2         0,0005
269,3         0,0008
269,4         0,0008
269,5         0,0008
269,6         0,0006
269,7         0,0003
269,8         0,0000
269,9         0,0000
270,0         0,0001
270,1         0,0003
270,2         0,0006
270,3         0,0008
270,4         0,0008
270,5         0,0007
270,6         0,0004
270,7         0,0001
270,8         0,0000
270,9         0,0001
271,0         0,0003
271,1         0,0005
271,2         0,0007
271,3         0,0008
271,4         0,0007
271,5         0,0005
271,6         0,0002
271,7         0,0000
271,8         0,0000
271,9         0,0002
272,0         0,0004
272,1         0,0006
272,2         0,0008
272,3         0,0008
272,4         0,0006
272,5         0,0003
272,6         0,0001
272,7         0,0000
272,8         0,0001
272,9         0,0003
273,0         0,0006
273,1         0,0008
273,2         0,0007
273,3         0,0006
273,4         0,0004
273,5         0,0001
273,6         0,0000
273,7         0,0000
273,8         0,0002
273,9         0,0004
274,0         0,0007
274,1         0,0008
274,2         0,0006
274,3         0,0005
274,4         0,0003
274,5         0,0000
274,6         0,0000
274,7         0,0001
274,8         0,0003
274,9         0,0005
275,0         0,0007
275,1         0,0007
275,2         0,0005
275,3         0,0003
275,4         0,0001
275,5         0,0000
275,6         0,0001
275,7         0,0002
275,8         0,0004
275,9         0,0006
276,0         0,0007
276,1         0,0006
276,2         0,0004
276,3         0,0002
276,4         0,0000
276,5         0,0000
276,6         0,0001
276,7         0,0003
276,8         0,0006
276,9         0,0006
277,0         0,0006
277,1         0,0005
277,2         0,0003
277,3         0,0001
277,4         0,0000
277,5         0,0000
277,6         0,0003
277,7         0,0004
277,8         0,0006
277,9         0,0006
278,0         0,0005
278,1         0,0004
278,2         0,0002
278,3         0,0000
278,4         0,0000
278,5         0,0002
278,6         0,0004
278,7         0,0005
278,8         0,0006
278,9         0,0006
279,0         0,0004
279,1         0,0002
279,2         0,0001
279,3         0,0000
279,4         0,0001
279,5         0,0003
279,6         0,0004
279,7         0,0006
279,8         0,0006
279,9         0,0005
280,0         0,0003
280,1         0,0001
280,2         0,0000
280,3         0,0000
280,4         0,0001
280,5         0,0004
280,6         0,0006
280,7         0,0006
280,8         0,0005
280,9         0,0004
281,0         0,0002
281,1         0,0000
281,2         0,0000
281,3         0,0001
281,4         0,0002
281,5         0,0004
281,6         0,0006
281,7         0,0006
281,8         0,0004
281,9         0,0003
282,0         0,0001
282,1         0,0000
282,2         0,0000
282,3         0,0003
282,4         0,0004
282,5         0,0004
282,6         0,0005
282,7         0,0005
282,8         0,0003
282,9         0,0001
283,0         0,0000
283,1         0,0000
283,2         0,0001
283,3         0,0003
283,4         0,0004
283,5         0,0006
283,6         0,0005
283,7         0,0003
283,8         0,0002
283,9         0,0001
284,0         0,0000
284,1         0,0001
284,2         0,0002
284,3         0,0003
284,4         0,0005
284,5         0,0006
284,6         0,0004
284,7         0,0002
284,8         0,0001
284,9         0,0000
285,0         0,0000
285,1         0,0001
285,2         0,0003
285,3         0,0004
285,4         0,0005
285,5         0,0004
285,6         0,0003
285,7         0,0002
285,8         0,0000
285,9         0,0000
286,0         0,0001
286,1         0,0002
286,2         0,0004
286,3         0,0005
286,4         0,0005
286,5         0,0003
286,6         0,0002
286,7         0,0001
286,8         0,0000
286,9         0,0000
287,0         0,0002
287,1         0,0003
287,2         0,0004
287,3         0,0004
287,4         0,0004
287,5         0,0003
287,6         0,0001
287,7         0,0000
287,8         0,0000
287,9         0,0001
288,0         0,0002
288,1         0,0004
288,2         0,0004
288,3         0,0004
288,4         0,0003
288,5         0,0002
288,6         0,0001
288,7         0,0000
288,8         0,0001
288,9         0,0002
289,0         0,0003
289,1         0,0004
289,2         0,0004
289,3         0,0003
289,4         0,0002
289,5         0,0001
289,6         0,0000
289,7         0,0000
289,8         0,0001
289,9         0,0003
290,0         0,0003
290,1         0,0004
290,2         0,0004
290,3         0,0003
290,4         0,0001
290,5         0,0000
290,6         0,0000
290,7         0,0001
290,8         0,0002
290,9         0,0003
291,0         0,0004
291,1         0,0004
291,2         0,0003
291,3         0,0002
291,4         0,0001
291,5         0,0000
291,6         0,0000
291,7         0,0001
291,8         0,0002
291,9         0,0004
292,0         0,0004
292,1         0,0003
292,2         0,0002
292,3         0,0001
292,4         0,0000
292,5         0,0000
292,6         0,0001
292,7         0,0002
292,8         0,0003
292,9         0,0003
293,0         0,0003
293,1         0,0002
293,2         0,0001
293,3         0,0000
293,4         0,0000
293,5         0,0000
293,6         0,0001
293,7         0,0003
293,8         0,0003
293,9         0,0003
294,0         0,0003
294,1         0,0002
294,2         0,0001
294,3         0,0000
294,4         0,0000
294,5         0,0001
294,6         0,0002
294,7         0,0003
294,8         0,0003
294,9         0,0003
295,0         0,0002
295,1         0,0001
295,2         0,0000
295,3         0,0000
295,4         0,0000
295,5         0,0001
295,6         0,0003
295,7         0,0003
295,8         0,0003
295,9         0,0003
296,0         0,0001
296,1         0,0000
296,2         0,0000
296,3         0,0000
296,4         0,0001
296,5         0,0002
296,6         0,0003
296,7         0,0003
296,8         0,0002
296,9         0,0002
297,0         0,0001
297,1         0,0000
297,2         0,0000
297,3         0,0000
297,4         0,0002
297,5         0,0003
297,6         0,0003
297,7         0,0003
297,8         0,0002
297,9         0,0001
298,0         0,0000
298,1         0,0000
298,2         0,0000
298,3         0,0001
298,4         0,0002
298,5         0,0003
298,6         0,0003
298,7         0,0002
298,8         0,0002
298,9         0,0000
299,0         0,0000
299,1         0,0000
299,2         0,0001
299,3         0,0002
299,4         0,0003
299,5         0,0003
299,6         0,0002
299,7         0,0002
299,8         0,0001
299,9         0,0000
300,0         0,0000
300,1         0,0000
300,2         0,0001
300,3         0,0002
300,4         0,0003
300,5         0,0003
300,6         0,0002
300,7         0,0001
300,8         0,0000
300,9         0,0000
301,0         0,0000
301,1         0,0001
301,2         0,0001
301,3         0,0002
301,4         0,0003
301,5         0,0002
301,6         0,0001
301,7         0,0001
301,8         0,0000
301,9         0,0000
302,0         0,0000
302,1         0,0001
302,2         0,0002
302,3         0,0002
302,4         0,0002
302,5         0,0002
302,6         0,0001
302,7         0,0000
302,8         0,0000
302,9         0,0000
303,0         0,0001
303,1         0,0002
303,2         0,0003
303,3         0,0002
303,4         0,0002
303,5         0,0001
303,6         0,0000
303,7         0,0000
303,8         0,0000
303,9         0,0001
304,0         0,0001
304,1         0,0002
304,2         0,0002
304,3         0,0003
304,4         0,0002
304,5         0,0001
304,6         0,0000
304,7         0,0000
304,8         0,0000
304,9         0,0001
305,0         0,0002
305,1         0,0002
305,2         0,0003
305,3         0,0002
305,4         0,0001
305,5         0,0000
305,6         0,0000
305,7         0,0000
305,8         0,0001
305,9         0,0001
306,0         0,0002
306,1         0,0002
306,2         0,0002
306,3         0,0001
306,4         0,0000
306,5         0,0000
306,6         0,0000
306,7         0,0001
306,8         0,0001
306,9         0,0002
307,0         0,0002
307,1         0,0002
307,2         0,0001
307,3         0,0001
307,4         0,0000
307,5         0,0000
307,6         0,0000
307,7         0,0001
307,8         0,0001
307,9         0,0002
308,0         0,0002
308,1         0,0001
308,2         0,0001
308,3         0,0000
308,4         0,0000
308,5         0,0000
308,6         0,0000
308,7         0,0001
308,8         0,0002
308,9         0,0002
309,0         0,0001
309,1         0,0001
309,2         0,0001
309,3         0,0000
309,4         0,0000
309,5         0,0000
309,6         0,0001
309,7         0,0002
309,8         0,0002
309,9         0,0001
310,0         0,0001
310,1         0,0001
310,2         0,0000
310,3         0,0000
310,4         0,0000
310,5         0,0001
310,6         0,0001
310,7         0,0002
310,8         0,0001
310,9         0,0001
311,0         0,0001
311,1         0,0000
311,2         0,0000
311,3         0,0000
311,4         0,0000
311,5         0,0001
311,6         0,0001
311,7         0,0001
311,8         0,0001
311,9         0,0001
312,0         0,0001
312,1         0,0000
312,2         0,0000
312,3         0,0000
312,4         0,0001
312,5         0,0001
312,6         0,0001
312,7         0,0001
312,8         0,0001
312,9         0,0001
313,0         0,0000
313,1         0,0000
313,2         0,0000
313,3         0,0000
313,4         0,0001
313,5         0,0001
313,6         0,0001
313,7         0,0001
313,8         0,0001
313,9         0,0001
314,0         0,0000
314,1         0,0000
314,2         0,0000
314,3         0,0001
314,4         0,0001
314,5         0,0001
314,6         0,0002
314,7         0,0001
314,8         0,0001
314,9         0,0000
315,0         0,0000
315,1         0,0000
315,2         0,0000
315,3         0,0001
315,4         0,0001
315,5         0,0001
315,6         0,0001
315,7         0,0001
315,8         0,0000
315,9         0,0000
316,0         0,0000
316,1         0,0000
316,2         0,0001
316,3         0,0001
316,4         0,0001
316,5         0,0001
316,6         0,0001
316,7         0,0001
316,8         0,0000
316,9         0,0000
317,0         0,0000
317,1         0,0001
317,2         0,0001
317,3         0,0001
317,4         0,0001
317,5         0,0001
317,6         0,0000
317,7         0,0000
317,8         0,0000
317,9         0,0000
318,0         0,0000
318,1         0,0001
318,2         0,0001
318,3         0,0001
318,4         0,0001
318,5         0,0001
318,6         0,0000
318,7         0,0000
318,8         0,0000
318,9         0,0000
319,0         0,0001
319,1         0,0001
319,2         0,0001
319,3         0,0001
319,4         0,0001
319,5         0,0000
319,6         0,0000
319,7         0,0000
319,8         0,0000
319,9         0,0000
320,0         0,0001
320,1         0,0001
320,2         0,0001
320,3         0,0001
320,4         0,0000
320,5         0,0000
320,6         0,0000
320,7         0,0000
320,8         0,0000
320,9         0,0001
321,0         0,0001
321,1         0,0001
321,2         0,0001
321,3         0,0001
321,4         0,0000
321,5         0,0000
321,6         0,0000
321,7         0,0000
321,8         0,0000
321,9         0,0001
322,0         0,0001
322,1         0,0001
322,2         0,0001
322,3         0,0000
322,4         0,0000
322,5         0,0000
322,6         0,0000
322,7         0,0000
322,8         0,0001
322,9         0,0001
323,0         0,0001
323,1         0,0001
323,2         0,0001
323,3         0,0000
323,4         0,0000
323,5         0,0000
323,6         0,0000
323,7         0,0000
323,8         0,0001
323,9         0,0001
324,0         0,0001
324,1         0,0001
324,2         0,0000
324,3         0,0000
324,4         0,0000
324,5         0,0000
324,6         0,0000
324,7         0,0001
324,8         0,0001
324,9         0,0001
325,0         0,0001
325,1         0,0000
325,2         0,0000
325,3         0,0000
325,4         0,0000
325,5         0,0000
325,6         0,0000
325,7         0,0001
325,8         0,0001
325,9         0,0001
326,0         0,0001
326,1         0,0000
326,2         0,0000
326,3         0,0000
326,4         0,0000
326,5         0,0000
326,6         0,0001
326,7         0,0001
326,8         0,0001
326,9         0,0001
327,0         0,0000
327,1         0,0000
327,2         0,0000
327,3         0,0000
327,4         0,0000
327,5         0,0000
327,6         0,0001
327,7         0,0001
327,8         0,0001
327,9         0,0000
328,0         0,0000
328,1         0,0000
328,2         0,0000
328,3         0,0000
328,4         0,0000
328,5         0,0001
328,6         0,0001
328,7         0,0000
328,8         0,0000
328,9         0,0000
329,0         0,0000
329,1         0,0000
329,2         0,0000
329,3         0,0000
329,4         0,0000
329,5         0,0001
329,6         0,0001
329,7         0,0000
329,8         0,0000
329,9         0,0000
330,0         0,0000
330,1         0,0000
330,2         0,0000
330,3         0,0000
330,4         0,0000
330,5         0,0001
330,6         0,0001
330,7         0,0000
330,8         0,0000
330,9         0,0000
331,0         0,0000
331,1         0,0000
331,2         0,0000
331,3         0,0000
331,4         0,0001
331,5         0,0001
331,6         0,0000
331,7         0,0000
331,8         0,0000
331,9         0,0000
332,0         0,0000
332,1         0,0000
332,2         0,0000
332,3         0,0000
332,4         0,0001
332,5         0,0001
332,6         0,0000
332,7         0,0000
332,8         0,0000
332,9         0,0000
333,0         0,0000
333,1         0,0000
333,2         0,0000
333,3         0,0000
333,4         0,0000
333,5         0,0000
333,6         0,0000
333,7         0,0000
333,8         0,0000
333,9         0,0000
334,0         0,0000
334,1         0,0000
334,2         0,0000
334,3         0,0000
334,4         0,0000
334,5         0,0000
334,6         0,0000
334,7         0,0000
334,8         0,0000
334,9         0,0000
335,0         0,0000
335,1         0,0000
335,2         0,0000
335,3         0,0000
335,4         0,0000
335,5         0,0000
335,6         0,0000
335,7         0,0000
335,8         0,0000
335,9         0,0000
336,0         0,0000
336,1         0,0000
336,2         0,0000
336,3         0,0000
336,4         0,0000
336,5         0,0000
336,6         0,0000
336,7         0,0000
336,8         0,0000
336,9         0,0000
337,0         0,0000
337,1         0,0000
337,2         0,0000
337,3         0,0000
337,4         0,0000
337,5         0,0000
337,6         0,0000
337,7         0,0000
337,8         0,0000
337,9         0,0000
338,0         0,0000
338,1         0,0000
338,2         0,0000
338,3         0,0000
338,4         0,0000
338,5         0,0000
338,6         0,0000
338,7         0,0000
338,8         0,0000
338,9         0,0000
339,0         0,0000
339,1         0,0000
339,2         0,0000
339,3         0,0000
339,4         0,0000
339,5         0,0000
339,6         0,0000
339,7         0,0000
339,8         0,0000
339,9         0,0000
340,0         0,0000
340,1         0,0000
340,2         0,0000
340,3         0,0000
340,4         0,0000
340,5         0,0000
340,6         0,0000
340,7         0,0000
340,8         0,0000
340,9         0,0000
341,0         0,0000
341,1         0,0000
341,2         0,0000
341,3         0,0000
341,4         0,0000
341,5         0,0000
341,6         0,0000
341,7         0,0000
341,8         0,0000
341,9         0,0000
342,0         0,0000
342,1         0,0000
342,2         0,0000
342,3         0,0000
342,4         0,0000
342,5         0,0000
342,6         0,0000
342,7         0,0000
342,8         0,0000
342,9         0,0000
343,0         0,0000
343,1         0,0000
343,2         0,0000
343,3         0,0000
343,4         0,0000
343,5         0,0000
343,6         0,0000
343,7         0,0000
343,8         0,0000
343,9         0,0000
344,0         0,0000
344,1         0,0000
344,2         0,0000
344,3         0,0000
344,4         0,0000
344,5         0,0000
344,6         0,0000
344,7         0,0000
344,8         0,0000
344,9         0,0000
345,0         0,0000
345,1         0,0000
345,2         0,0000
345,3         0,0000
345,4         0,0000
345,5         0,0000
345,6         0,0000
345,7         0,0000
345,8         0,0000
345,9         0,0000
346,0         0,0000
346,1         0,0000
346,2         0,0000
346,3         0,0000
346,4         0,0000
346,5         0,0000
346,6         0,0000
346,7         0,0000
346,8         0,0000
346,9         0,0000
347,0         0,0000
347,1         0,0000
347,2         0,0000
347,3         0,0000
347,4         0,0000
347,5         0,0000
347,6         0,0000
347,7         0,0000
347,8         0,0000
347,9         0,0000
348,0         0,0000
348,1         0,0000
348,2         0,0000
348,3         0,0000
348,4         0,0000
348,5         0,0000
348,6         0,0000
348,7         0,0000
348,8         0,0000
348,9         0,0000
349,0         0,0000
349,1         0,0000
349,2         0,0000
349,3         0,0000
349,4         0,0000
349,5         0,0000
349,6         0,0000
349,7         0,0000
349,8         0,0000
349,9         0,0000
350,0         0,0000
350,1         0,0000
350,2         0,0000
350,3         0,0000
350,4         0,0000
350,5         0,0000
350,6         0,0000
350,7         0,0000
350,8         0,0000
350,9         0,0000
351,0         0,0000
351,1         0,0000
351,2         0,0000
351,3         0,0000
351,4         0,0000
351,5         0,0000
351,6         0,0000
351,7         0,0000
351,8         0,0000
351,9         0,0000
352,0         0,0000
352,1         0,0000
352,2         0,0000
352,3         0,0000
352,4         0,0000
352,5         0,0000
352,6         0,0000
352,7         0,0000
352,8         0,0000
352,9         0,0000
353,0         0,0000
353,1         0,0000
353,2         0,0000
353,3         0,0000
353,4         0,0000
353,5         0,0000
353,6         0,0000
353,7         0,0000
353,8         0,0000
353,9         0,0000
354,0         0,0000
354,1         0,0000
354,2         0,0000
354,3         0,0000
354,4         0,0000
354,5         0,0000
354,6         0,0000
354,7         0,0000
354,8         0,0000
354,9         0,0000
355,0         0,0000
355,1         0,0000
355,2         0,0000
355,3         0,0000
355,4         0,0000
355,5         0,0000
355,6         0,0000
355,7         0,0000
355,8         0,0000
355,9         0,0000
356,0         0,0000
356,1         0,0000
356,2         0,0000
356,3         0,0000
356,4         0,0000
356,5         0,0000
356,6         0,0000
356,7         0,0000
356,8         0,0000
356,9         0,0000
357,0         0,0000
357,1         0,0000
357,2         0,0000
357,3         0,0000
357,4         0,0000
357,5         0,0000
357,6         0,0000
357,7         0,0000
357,8         0,0000
357,9         0,0000
358,0         0,0000
358,1         0,0000
358,2         0,0000
358,3         0,0000
358,4         0,0000
358,5         0,0000
358,6         0,0000
358,7         0,0000
358,8         0,0000
358,9         0,0000
359,0         0,0000
359,1         0,0000
359,2         0,0000
359,3         0,0000
359,4         0,0000
359,5         0,0000
359,6         0,0000
359,7         0,0000
359,8         0,0000
359,9         0,0000
360,0         0,0000
360,1         0,0000
360,2         0,0000
360,3         0,0000
360,4         0,0000
360,5         0,0000
360,6         0,0000
360,7         0,0000
360,8         0,0000
360,9         0,0000
361,0         0,0000
361,1         0,0000
361,2         0,0000
361,3         0,0000
361,4         0,0000
361,5         0,0000
361,6         0,0000
361,7         0,0000
361,8         0,0000
361,9         0,0000
362,0         0,0000
362,1         0,0000
362,2         0,0000
362,3         0,0000
362,4         0,0000
362,5         0,0000
362,6         0,0000
362,7         0,0000
362,8         0,0000
362,9         0,0000
363,0         0,0000
363,1         0,0000
363,2         0,0000
363,3         0,0000
363,4         0,0000
363,5         0,0000
363,6         0,0000
363,7         0,0000
363,8         0,0000
363,9         0,0000
364,0         0,0000
364,1         0,0000
364,2         0,0000
364,3         0,0000
364,4         0,0000
364,5         0,0000
364,6         0,0000
364,7         0,0000
364,8         0,0000
364,9         0,0000
365,0         0,0000
365,1         0,0000
365,2         0,0000
365,3         0,0000
365,4         0,0000
365,5         0,0000
365,6         0,0000
365,7         0,0000
365,8         0,0000
365,9         0,0000
366,0         0,0000
366,1         0,0000
366,2         0,0000
366,3         0,0000
366,4         0,0000
366,5         0,0000
366,6         0,0000
366,7         0,0000
366,8         0,0000
366,9         0,0000
367,0         0,0000
367,1         0,0000
367,2         0,0000
367,3         0,0000
367,4         0,0000
367,5         0,0000
367,6         0,0000
367,7         0,0000
367,8         0,0000
367,9         0,0000
368,0         0,0000
368,1         0,0000
368,2         0,0000
368,3         0,0000
368,4         0,0000
368,5         0,0000
368,6         0,0000
368,7         0,0000
368,8         0,0000
368,9         0,0000
369,0         0,0000
369,1         0,0000
369,2         0,0000
369,3         0,0000
369,4         0,0000
369,5         0,0000
369,6         0,0000
369,7         0,0000
369,8         0,0000
369,9         0,0000
370,0         0,0000
370,1         0,0000
370,2         0,0000
370,3         0,0000
370,4         0,0000
370,5         0,0000
370,6         0,0000
370,7         0,0000
370,8         0,0000
370,9         0,0000
371,0         0,0000
371,1         0,0000
371,2         0,0000
371,3         0,0000
371,4         0,0000
371,5         0,0000
371,6         0,0000
371,7         0,0000
371,8         0,0000
371,9         0,0000
372,0         0,0000
372,1         0,0000
372,2         0,0000
372,3         0,0000
372,4         0,0000
372,5         0,0000
372,6         0,0000
372,7         0,0000
372,8         0,0000
372,9         0,0000
373,0         0,0000
373,1         0,0000
373,2         0,0000
373,3         0,0000
373,4         0,0000
373,5         0,0000
373,6         0,0000
373,7         0,0000
373,8         0,0000
373,9         0,0000
374,0         0,0000
374,1         0,0000
374,2         0,0000
374,3         0,0000
374,4         0,0000
374,5         0,0000
374,6         0,0000
374,7         0,0000
374,8         0,0000
374,9         0,0000
375,0         0,0000
375,1         0,0000
375,2         0,0000
375,3         0,0000
375,4         0,0000
375,5         0,0000
375,6         0,0000
375,7         0,0000
375,8         0,0000
375,9         0,0000
376,0         0,0000
376,1         0,0000
376,2         0,0000
376,3         0,0000
376,4         0,0000
376,5         0,0000
376,6         0,0000
376,7         0,0000
376,8         0,0000
376,9         0,0000
377,0         0,0000
377,1         0,0000
377,2         0,0000
377,3         0,0000
377,4         0,0000
377,5         0,0000
377,6         0,0000
377,7         0,0000
377,8         0,0000
377,9         0,0000
378,0         0,0000
378,1         0,0000
378,2         0,0000
378,3         0,0000
378,4         0,0000
378,5         0,0000
378,6         0,0000
378,7         0,0000
378,8         0,0000
378,9         0,0000
379,0         0,0000
379,1         0,0000
379,2         0,0000
379,3         0,0000
379,4         0,0000
379,5         0,0000
379,6         0,0000
379,7         0,0000
379,8         0,0000
379,9         0,0000
380,0         0,0000
380,1         0,0000
380,2         0,0000
380,3         0,0000
380,4         0,0000
380,5         0,0000
380,6         0,0000
380,7         0,0000
380,8         0,0000
380,9         0,0000
381,0         0,0000
381,1         0,0000
381,2         0,0000
381,3         0,0000
381,4         0,0000
381,5         0,0000
381,6         0,0000
381,7         0,0000
381,8         0,0000
381,9         0,0000
382,0         0,0000
382,1         0,0000
382,2         0,0000
382,3         0,0000
382,4         0,0000
382,5         0,0000
382,6         0,0000
382,7         0,0000
382,8         0,0000
382,9         0,0000
383,0         0,0000
383,1         0,0000
383,2         0,0000
383,3         0,0000
383,4         
