v / rad/s	&b_A1 / rad
	-2,55
0,0	-2,55
0,0	-2,55
0,0	-2,55
0,0	-2,55
0,0	-2,55
0,0	-2,55
0,0	-2,55
0,0	-2,55
0,0	-2,55
0,0	-2,55
0,0	-2,55
0,0	-2,55
0,0	-2,55
0,0	-2,55
0,0	-2,55
0,0	-2,55
0,0	-2,55
0,0	-2,54
0,0	-2,54
0,0	-2,54
0,0	-2,55
0,1	-2,55
1,2	-2,53
3,6	-2,30
5,8	-1,82
7,4	-1,15
8,2	-0,34
8,1	0,49
7,1	1,27
5,4	1,91
3,0	2,35
0,2	2,51
-2,5	2,39
-5,0	2,00
-6,9	1,39
-8,0	0,63
-8,2	-0,20
-7,5	-1,01
-6,1	-1,71
-3,9	-2,22
-1,4	-2,49
1,4	-2,49
3,9	-2,22
6,0	-1,71
7,5	-1,01
8,2	-0,21
8,0	0,63
6,8	1,38
4,9	1,99
2,5	2,36
-0,2	2,48
-2,9	2,32
-5,3	1,90
-7,0	1,27
-8,0	0,50
-8,1	-0,33
-7,3	-1,13
-5,7	-1,79
-3,5	-2,26
-1,0	-2,49
1,8	-2,45
4,3	-2,13
6,3	-1,58
7,6	-0,87
8,1	-0,07
7,7	0,75
6,5	1,48
4,5	2,05
2,1	2,39
-0,7	2,46
-3,3	2,26
-5,6	1,79
-7,2	1,14
-8,1	0,35
-7,9	-0,47
-7,0	-1,24
-5,3	-1,87
-3,1	-2,30
-0,5	-2,48
2,2	-2,39
4,7	-2,04
6,5	-1,46
7,7	-0,73
8,1	0,07
7,5	0,87
6,2	1,58
4,1	2,11
1,6	2,39
-1,1	2,43
-3,7	2,18
-5,9	1,68
-7,4	1,00
-8,0	0,21
-7,8	-0,60
-6,7	-1,35
-4,9	-1,94
-2,6	-2,33
0,0	-2,46
2,6	-2,33
4,9	-1,94
6,7	-1,34
7,8	-0,61
8,0	0,21
7,3	1,00
5,8	1,67
3,7	2,15
1,2	2,40
-1,6	2,38
-4,1	2,09
-6,1	1,56
-7,4	0,87
-8,0	0,08
-7,6	-0,73
-6,5	-1,44
-4,5	-2,01
-2,2	-2,35
0,4	-2,45
3,0	-2,27
5,3	-1,84
6,9	-1,22
7,8	-0,46
7,9	0,34
7,1	1,11
5,4	1,75
3,2	2,19
0,7	2,39
-1,9	2,33
-4,4	2,00
-6,3	1,46
-7,5	0,75
-7,9	-0,05
-7,4	-0,84
-6,1	-1,53
-4,2	-2,06
-1,7	-2,37
0,8	-2,41
3,3	-2,20
5,5	-1,74
7,1	-1,10
7,8	-0,34
7,7	0,46
6,8	1,21
5,1	1,82
2,9	2,23
0,2	2,39
-2,4	2,27
-4,6	1,92
-6,5	1,34
-7,6	0,62
-7,8	-0,17
-7,2	-0,94
-5,8	-1,62
-3,8	-2,10
-1,3	-2,37
1,2	-2,37
3,7	-2,12
5,8	-1,63
7,1	-0,97
7,8	-0,21
7,6	0,58
6,5	1,31
4,7	1,89
2,4	2,25
-0,1	2,36
-2,7	2,22
-5,0	1,82
-6,7	1,22
-7,6	0,49
-7,7	-0,30
-7,0	-1,06
-5,5	-1,70
-3,4	-2,16
-0,9	-2,37
1,7	-2,33
4,0	-2,04
6,0	-1,52
7,3	-0,85
7,8	-0,07
7,4	0,70
6,2	1,41
4,3	1,95
2,0	2,27
-0,6	2,35
-3,2	2,15
-5,3	1,71
-6,8	1,10
-7,6	0,35
-7,6	-0,43
-6,7	-1,17
-5,1	-1,77
-2,9	-2,19
-0,5	-2,36
2,1	-2,28
4,4	-1,95
6,2	-1,41
7,4	-0,71
7,7	0,06
7,2	0,82
5,9	1,50
3,9	2,00
1,5	2,28
-1,0	2,31
-3,4	2,08
-5,5	1,63
-7,0	0,98
-7,7	0,23
-7,4	-0,55
-6,5	-1,26
-4,7	-1,85
-2,5	-2,21
-0,1	-2,35
2,4	-2,23
4,7	-1,87
6,3	-1,30
7,4	-0,60
7,6	0,18
7,0	0,94
5,5	1,58
3,5	2,04
1,1	2,28
-1,4	2,27
-3,8	2,00
-5,7	1,51
-7,0	0,86
-7,6	0,10
-7,3	-0,66
-6,2	-1,35
-4,4	-1,90
-2,2	-2,24
0,4	-2,33
2,8	-2,17
5,0	-1,77
6,5	-1,18
7,4	-0,47
7,5	0,31
6,8	1,04
5,2	1,66
3,1	2,08
0,8	2,28
-1,8	2,23
-4,1	1,92
-5,9	1,41
-7,1	0,75
-7,6	-0,02
-7,1	-0,77
-5,9	-1,45
-4,0	-1,95
-1,8	-2,25
0,8	-2,30
3,1	-2,10
5,1	-1,68
6,7	-1,07
7,5	-0,34
7,4	0,42
6,5	1,14
4,9	1,72
2,7	2,11
0,4	2,27
-2,1	2,19
-4,4	1,84
-6,1	1,30
-7,2	0,62
-7,5	-0,13
-6,9	-0,89
-5,6	-1,53
-3,6	-2,00
-1,3	-2,25
1,1	-2,27
3,5	-2,03
5,4	-1,57
6,8	-0,95
7,4	-0,22
7,2	0,53
6,3	1,23
4,5	1,79
2,3	2,14
-0,1	2,26
-2,5	2,12
-4,7	1,75
-6,3	1,19
-7,2	0,50
-7,4	-0,26
-6,7	-0,98
-5,3	-1,61
-3,2	-2,04
-1,0	-2,25
1,4	-2,23
3,8	-1,96
5,7	-1,47
6,9	-0,83
7,3	-0,09
7,1	0,64
6,0	1,32
4,2	1,84
1,9	2,16
-0,4	2,23
-2,8	2,07
-5,0	1,67
-6,5	1,07
-7,3	0,36
-7,3	-0,38
-6,5	-1,09
-4,9	-1,67
-2,9	-2,07
-0,5	-2,25
1,8	-2,18
4,0	-1,89
5,8	-1,38
7,0	-0,72
7,3	0,03
6,9	0,75
5,7	1,40
3,9	1,89
1,6	2,17
-0,9	2,21
-3,2	1,99
-5,2	1,56
-6,6	0,95
-7,2	0,25
-7,1	-0,49
-6,2	-1,18
-4,6	-1,73
-2,6	-2,09
-0,2	-2,24
2,2	-2,13
4,3	-1,80
6,0	-1,27
7,0	-0,59
7,2	0,13
6,7	0,86
5,4	1,47
3,5	1,94
1,2	2,18
-1,3	2,18
-3,6	1,92
-5,4	1,47
-6,7	0,84
-7,2	0,13
-7,0	-0,60
-6,0	-1,26
-4,3	-1,79
-2,1	-2,12
0,2	-2,22
2,5	-2,09
4,6	-1,72
6,1	-1,16
7,0	-0,49
7,2	0,25
6,5	0,95
5,2	1,55
3,1	1,98
0,8	2,18
-1,6	2,14
-3,8	1,86
-5,6	1,38
-6,8	0,74
-7,2	0,02
-6,8	-0,72
-5,7	-1,35
-3,9	-1,84
-1,8	-2,13
0,5	-2,20
2,9	-2,02
4,8	-1,62
6,3	-1,05
7,1	-0,37
7,1	0,36
6,3	1,05
4,8	1,62
2,7	2,00
0,5	2,16
-1,9	2,09
-4,1	1,78
-5,8	1,27
-6,8	0,63
-7,2	-0,09
-6,6	-0,81
-5,4	-1,42
-3,6	-1,89
-1,4	-2,14
0,9	-2,17
3,2	-1,96
5,1	-1,53
6,4	-0,94
7,1	-0,25
6,9	0,47
6,0	1,14
4,5	1,67
2,4	2,03
0,0	2,15
-2,2	2,04
-4,3	1,71
-6,0	1,16
-6,9	0,51
-7,0	-0,21
-6,4	-0,89
-5,2	-1,49
-3,2	-1,93
-1,0	-2,14
1,2	-2,13
3,4	-1,89
5,3	-1,43
6,5	-0,83
7,0	-0,13
6,8	0,57
5,8	1,22
4,1	1,73
2,0	2,05
-0,3	2,14
-2,6	1,99
-4,6	1,61
-6,1	1,07
-6,9	0,40
-6,9	-0,32
-6,2	-1,00
-4,8	-1,56
-2,9	-1,96
-0,7	-2,14
1,6	-2,09
3,7	-1,82
5,5	-1,34
6,6	-0,72
7,0	-0,02
6,6	0,67
5,5	1,30
3,8	1,78
1,6	2,06
-0,6	2,11
-2,9	1,93
-4,9	1,53
-6,2	0,95
-6,9	0,29
-6,8	-0,42
-6,0	-1,08
-4,5	-1,62
-2,6	-1,98
-0,3	-2,13
1,9	-2,05
4,0	-1,74
5,6	-1,24
6,6	-0,61
6,9	0,08
6,4	0,78
5,3	1,37
3,5	1,83
1,3	2,07
-1,0	2,08
-3,2	1,86
-5,0	1,44
-6,3	0,87
-6,9	0,19
-6,7	-0,52
-5,7	-1,17
-4,2	-1,67
-2,2	-2,01
0,0	-2,12
2,3	-2,00
4,3	-1,66
5,8	-1,14
6,7	-0,51
6,9	0,19
6,2	0,87
4,9	1,44
3,2	1,86
0,9	2,07
-1,4	2,04
-3,5	1,79
-5,2	1,35
-6,4	0,75
-6,9	0,07
-6,6	-0,62
-5,5	-1,25
-3,8	-1,73
-1,8	-2,01
0,4	-2,09
2,6	-1,94
4,4	-1,58
5,9	-1,05
6,7	-0,40
6,7	0,29
6,1	0,95
4,6	1,51
2,7	1,88
0,6	2,06
-1,7	2,00
-3,8	1,72
-5,4	1,25
-6,5	0,64
-6,8	-0,04
-6,3	-0,71
-5,3	-1,31
-3,6	-1,77
-1,5	-2,03
0,7	-2,07
2,9	-1,89
4,7	-1,50
6,0	-0,95
6,7	-0,29
6,7	0,40
5,8	1,04
4,4	1,56
2,4	1,91
0,2	2,05
-2,0	1,95
-4,0	1,64
-5,5	1,15
-6,5	0,55
-6,8	-0,15
-6,2	-0,81
-5,0	-1,38
-3,3	-1,81
-1,1	-2,03
1,1	-2,04
3,1	-1,82
4,9	-1,41
6,1	-0,84
6,7	-0,19
6,5	0,49
5,6	1,11
4,1	1,62
2,0	1,94
-0,1	2,03
-2,3	1,91
-4,2	1,58
-5,7	1,06
-6,5	0,44
-6,6	-0,25
-6,0	-0,89
-4,7	-1,44
-2,9	-1,84
-0,9	-2,03
1,3	-2,01
3,5	-1,76
5,1	-1,32
6,2	-0,73
6,7	-0,08
6,4	0,59
5,3	1,19
3,8	1,66
1,8	1,95
-0,5	2,01
-2,6	1,86
-4,5	1,49
-5,8	0,96
-6,5	0,32
-6,5	-0,34
-5,8	-0,97
-4,4	-1,50
-2,6	-1,86
-0,5	-2,02
1,6	-1,97
3,7	-1,69
5,2	-1,23
6,3	-0,63
6,6	0,02
6,2	0,67
5,1	1,27
3,4	1,70
1,4	1,95
-0,8	1,99
-2,9	1,80
-4,7	1,41
-5,9	0,87
-6,5	0,23
-6,4	-0,43
-5,6	-1,05
-4,2	-1,55
-2,3	-1,89
-0,1	-2,01
2,0	-1,92
3,9	-1,61
5,4	-1,13
6,3	-0,53
6,5	0,11
6,0	0,76
4,9	1,32
3,1	1,74
1,0	1,95
-1,1	1,95
-3,1	1,74
-4,9	1,32
-6,0	0,76
-6,5	0,13
-6,3	-0,53
-5,4	-1,13
-3,9	-1,60
-1,9	-1,90
0,1	-1,99
2,3	-1,87
4,1	-1,54
5,5	-1,05
6,3	-0,43
6,4	0,23
5,8	0,86
4,5	1,39
2,8	1,77
0,8	1,95
-1,4	1,92
-3,4	1,67
-5,0	1,24
-6,1	0,67
-6,5	0,03
-6,1	-0,62
-5,1	-1,21
-3,5	-1,65
-1,6	-1,91
0,5	-1,97
2,6	-1,81
4,3	-1,46
5,6	-0,95
6,3	-0,33
6,3	0,32
5,6	0,93
4,3	1,44
2,6	1,79
0,4	1,95
-1,8	1,87
-3,6	1,60
-5,1	1,15
-6,1	0,57
-6,4	-0,07
-6,0	-0,70
-4,9	-1,26
-3,3	-1,68
-1,3	-1,92
0,8	-1,94
2,8	-1,76
4,6	-1,38
5,7	-0,85
6,3	-0,23
6,2	0,41
5,4	1,01
4,0	1,49
2,2	1,81
0,1	1,93
-2,0	1,83
-3,8	1,54
-5,3	1,07
-6,2	0,48
-6,3	-0,17
-5,8	-0,79
-4,6	-1,33
-3,0	-1,71
-1,0	-1,92
1,1	-1,91
3,0	-1,70
4,7	-1,30
5,8	-0,76
6,3	-0,14
6,1	0,50
5,2	1,07
3,8	1,54
1,9	1,83
-0,2	1,91
-2,2	1,79
-4,1	1,46
-5,4	0,97
-6,1	0,38
-6,2	-0,26
-5,6	-0,86
-4,4	-1,37
-2,7	-1,74
-0,6	-1,91
1,4	-1,87
3,3	-1,63
4,8	-1,22
5,9	-0,67
6,2	-0,04
5,9	0,59
5,0	1,15
3,4	1,58
1,6	1,83
-0,5	1,89
-2,5	1,73
-4,3	1,39
-5,6	0,88
-6,2	0,27
-6,1	-0,36
-5,4	-0,94
-4,2	-1,43
-2,3	-1,77
-0,3	-1,90
1,7	-1,83
3,5	-1,57
5,0	-1,13
5,9	-0,57
6,2	0,05
5,8	0,67
4,7	1,22
3,1	1,62
1,2	1,84
-0,8	1,87
-2,8	1,67
-4,4	1,31
-5,6	0,79
-6,2	0,19
-6,0	-0,44
-5,2	-1,02
-3,8	-1,48
-2,0	-1,78
-0,1	-1,89
2,0	-1,79
3,7	-1,49
5,1	-1,05
6,0	-0,48
6,1	0,15
5,6	0,75
4,5	1,27
2,8	1,64
1,0	1,84
-1,1	1,83
-3,0	1,62
-4,6	1,23
-5,7	0,70
-6,1	0,09
-5,9	-0,53
-5,0	-1,08
-3,6	-1,52
-1,8	-1,79
0,2	-1,87
2,2	-1,74
3,9	-1,42
5,2	-0,96
6,0	-0,37
6,0	0,23
5,4	0,83
4,2	1,32
2,5	1,67
0,6	1,83
-1,4	1,79
-3,2	1,55
-4,7	1,15
-5,7	0,61
-6,1	0,01
-5,7	-0,61
-4,7	-1,15
-3,3	-1,55
-1,5	-1,80
0,5	-1,85
2,5	-1,69
4,1	-1,35
5,3	-0,87
5,9	-0,29
5,9	0,32
5,3	0,90
4,0	1,37
2,3	1,69
0,3	1,83
-1,7	1,75
-3,4	1,50
-4,9	1,06
-5,8	0,51
-6,0	-0,09
-5,6	-0,68
-4,5	-1,20
-3,0	-1,58
-1,2	-1,80
0,8	-1,82
2,7	-1,64
4,3	-1,28
5,4	-0,78
5,9	-0,21
5,8	0,41
5,1	0,96
3,7	1,42
2,0	1,71
0,0	1,81
-1,9	1,71
-3,6	1,43
-5,0	0,98
-5,8	0,43
-6,0	-0,17
-5,4	-0,76
-4,3	-1,25
-2,8	-1,61
-0,9	-1,80
1,1	-1,79
2,9	-1,58
4,4	-1,21
5,5	-0,70
5,9	-0,11
5,7	0,48
4,9	1,03
3,4	1,46
1,6	1,72
-0,3	1,79
-2,1	1,67
-3,9	1,36
-5,1	0,89
-5,8	0,34
-5,9	-0,27
-5,2	-0,83
-4,1	-1,30
-2,4	-1,64
-0,5	-1,79
1,3	-1,75
3,1	-1,53
4,6	-1,13
5,6	-0,61
5,9	-0,02
5,5	0,57
4,6	1,10
3,2	1,49
1,4	1,73
-0,6	1,77
-2,4	1,62
-4,0	1,29
-5,2	0,81
-5,8	0,24
-5,7	-0,35
-5,0	-0,90
-3,8	-1,35
-2,1	-1,66
-0,3	-1,78
1,6	-1,71
3,3	-1,46
4,7	-1,05
5,6	-0,51
5,8	0,07
5,4	0,64
4,4	1,15
2,9	1,52
1,2	1,73
-0,8	1,75
-2,7	1,56
-4,2	1,21
-5,3	0,72
-5,7	0,16
-5,6	-0,42
-4,9	-0,96
-3,6	-1,39
-1,9	-1,67
0,0	-1,77
1,9	-1,67
3,5	-1,39
4,8	-0,97
5,6	-0,43
5,7	0,15
5,2	0,71
4,2	1,19
2,6	1,55
0,8	1,72
-1,0	1,71
-2,8	1,51
-4,4	1,14
-5,4	0,63
-5,7	0,07
-5,4	-0,50
-4,7	-1,02
-3,3	-1,43
-1,6	-1,68
0,3	-1,75
2,1	-1,62
3,7	-1,33
4,9	-0,88
5,5	-0,34
5,6	0,23
5,1	0,79
3,9	1,24
2,4	1,56
0,5	1,71
-1,3	1,67
-3,1	1,44
-4,5	1,06
-5,3	0,55
-5,6	-0,01
-5,4	-0,57
-4,4	-1,07
-3,1	-1,46
-1,3	-1,69
0,6	-1,73
2,4	-1,57
3,8	-1,25
5,0	-0,80
5,6	-0,25
5,5	0,31
4,9	0,84
3,7	1,29
2,1	1,59
0,2	1,71
-1,6	1,63
-3,2	1,39
-4,6	0,99
-5,4	0,47
-5,6	-0,10
-5,2	-0,65
-4,2	-1,13
-2,8	-1,49
-1,0	-1,69
0,8	-1,69
2,5	-1,53
4,1	-1,19
5,1	-0,71
5,5	-0,17
5,4	0,39
4,7	0,91
3,4	1,33
1,8	1,59
0,0	1,69
-1,8	1,59
-3,4	1,32
-4,7	0,91
-5,4	0,38
-5,5	-0,17
-5,0	-0,72
-4,0	-1,18
-2,5	-1,51
-0,7	-1,68
1,1	-1,66
2,8	-1,47
4,2	-1,11
5,1	-0,64
5,5	-0,09
5,3	0,47
4,4	0,97
3,1	1,36
1,6	1,60
-0,3	1,67
-2,0	1,55
-3,6	1,26
-4,8	0,83
-5,4	0,30
-5,4	-0,25
-4,9	-0,78
-3,8	-1,22
-2,2	-1,53
-0,5	-1,67
1,3	-1,63
3,0	-1,41
4,3	-1,04
5,1	-0,55
5,5	-0,01
5,2	0,55
4,2	1,03
2,9	1,39
1,2	1,61
-0,5	1,64
-2,3	1,50
-3,8	1,19
-4,8	0,75
-5,4	0,23
-5,4	-0,33
-4,6	-0,84
-3,5	-1,26
-1,9	-1,54
-0,2	-1,65
1,5	-1,59
3,1	-1,35
4,4	-0,96
5,2	-0,47
5,4	0,07
5,0	0,60
4,1	1,07
2,7	1,42
1,0	1,60
-0,8	1,62
-2,5	1,45
-3,9	1,11
-4,9	0,67
-5,4	0,14
-5,2	-0,40
-4,4	-0,89
-3,3	-1,29
-1,7	-1,55
0,0	-1,64
1,8	-1,55
3,3	-1,29
4,5	-0,89
5,2	-0,39
5,3	0,14
4,9	0,67
3,8	1,12
2,4	1,44
0,7	1,60
-1,0	1,59
-2,7	1,39
-4,0	1,05
-4,9	0,59
-5,3	0,07
-5,1	-0,47
-4,3	-0,95
-3,1	-1,33
-1,5	-1,56
0,3	-1,62
2,0	-1,50
3,4	-1,22
4,6	-0,81
5,2	-0,31
5,2	0,23
4,6	0,74
3,6	1,16
2,2	1,46
0,5	1,59
-1,3	1,55
-2,8	1,34
-4,1	0,99
-5,0	0,51
-5,2	-0,01
-5,0	-0,54
-4,1	-1,00
-2,8	-1,35
-1,2	-1,56
0,5	-1,60
2,2	-1,46
3,6	-1,17
4,7	-0,73
5,1	-0,23
5,1	0,30
4,5	0,79
3,4	1,19
2,0	1,47
0,2	1,58
-1,5	1,51
-3,0	1,28
-4,3	0,91
-5,0	0,43
-5,1	-0,09
-4,8	-0,60
-3,9	-1,05
-2,5	-1,38
-1,0	-1,56
0,7	-1,57
2,4	-1,41
3,8	-1,09
4,7	-0,66
5,1	-0,16
5,0	0,36
4,4	0,84
3,2	1,23
1,7	1,47
0,0	1,56
-1,7	1,47
-3,2	1,23
-4,3	0,83
-5,0	0,36
-5,1	-0,16
-4,7	-0,66
-3,7	-1,09
-2,3	-1,40
-0,6	-1,55
1,0	-1,53
2,6	-1,35
3,8	-1,02
4,7	-0,59
5,1	-0,08
4,9	0,43
4,2	0,89
2,9	1,26
1,5	1,48
-0,3	1,55
-2,0	1,43
-3,4	1,15
-4,4	0,76
-5,0	0,27
-5,0	-0,24
-4,5	-0,72
-3,4	-1,13
-2,0	-1,41
-0,5	-1,54
1,2	-1,50
2,7	-1,30
4,0	-0,96
4,7	-0,51
5,0	-0,01
4,8	0,50
4,0	0,95
2,7	1,29
1,2	1,49
-0,5	1,52
-2,1	1,39
-3,5	1,10
-4,5	0,69
-4,9	0,20
-4,9	-0,30
-4,3	-0,78
-3,2	-1,17
-1,8	-1,43
-0,2	-1,53
1,4	-1,47
2,9	-1,25
4,1	-0,89
4,8	-0,43
4,9	0,07
4,6	0,56
3,8	0,99
2,5	1,31
0,9	1,48
-0,7	1,50
-2,4	1,34
-3,6	1,03
-4,5	0,61
-4,9	0,13
-4,8	-0,37
-4,1	-0,84
-3,0	-1,20
-1,6	-1,44
0,1	-1,52
1,6	-1,43
3,1	-1,19
4,1	-0,81
4,8	-0,36
4,9	0,14
4,5	0,63
3,5	1,04
2,2	1,34
0,6	1,48
-1,0	1,47
-2,5	1,29
-3,7	0,97
-4,6	0,54
-4,9	0,05
-4,7	-0,44
-4,0	-0,89
-2,8	-1,23
-1,3	-1,44
0,3	-1,50
1,9	-1,39
3,2	-1,13
4,2	-0,74
4,8	-0,28
4,8	0,22
4,3	0,68
3,3	1,08
2,0	1,35
0,4	1,47
-1,2	1,43
-2,6	1,24
-3,9	0,91
-4,6	0,46
-4,9	-0,02
-4,6	-0,50
-3,8	-0,93
-2,6	-1,26
-1,1	-1,45
0,6	-1,48
2,1	-1,34
3,4	-1,06
4,3	-0,67
4,7	-0,21
4,7	0,28
4,2	0,74
3,1	1,11
1,8	1,36
0,2	1,47
-1,4	1,40
-2,9	1,18
-4,0	0,83
-4,6	0,39
-4,8	-0,09
-4,5	-0,57
-3,5	-0,98
-2,4	-1,28
-0,9	-1,45
0,7	-1,45
2,2	-1,30
3,4	-1,01
4,4	-0,61
4,8	-0,13
4,6	0,35
4,0	0,79
2,9	1,15
1,5	1,38
-0,1	1,45
-1,6	1,36
-3,0	1,12
-4,0	0,76
-4,6	0,32
-4,7	-0,16
-4,3	-0,63
-3,4	-1,02
-2,1	-1,30
-0,6	-1,44
0,9	-1,42
2,4	-1,25
3,6	-0,94
4,4	-0,53
4,7	-0,05
4,5	0,42
3,8	0,84
2,8	1,18
1,2	1,39
-0,3	1,43
-1,8	1,32
-3,1	1,07
-4,1	0,70
-4,7	0,25
-4,6	-0,23
-4,1	-0,68
-3,2	-1,05
-1,9	-1,32
-0,4	-1,43
1,1	-1,39
2,6	-1,20
3,7	-0,88
4,4	-0,46
4,7	0,01
4,4	0,47
3,6	0,89
2,5	1,20
1,0	1,39
-0,5	1,41
-2,0	1,28
-3,3	1,01
-4,2	0,63
-4,6	0,18
-4,6	-0,29
-4,0	-0,73
-3,0	-1,09
-1,7	-1,33
-0,1	-1,42
1,4	-1,36
2,8	-1,15
3,8	-0,81
4,4	-0,38
4,6	0,07
4,3	0,53
3,5	0,93
2,3	1,23
0,8	1,39
-0,8	1,39
-2,2	1,23
-3,4	0,95
-4,2	0,56
-4,6	0,11
-4,5	-0,36
-3,8	-0,78
-2,8	-1,12
-1,4	-1,33
0,0	-1,41
1,6	-1,33
2,9	-1,09
3,9	-0,75
4,5	-0,32
4,5	0,15
4,1	0,59
3,3	0,97
2,0	1,24
0,6	1,38
-0,9	1,36
-2,4	1,19
-3,5	0,89
-4,3	0,49
-4,6	0,04
-4,3	-0,42
-3,6	-0,83
-2,5	-1,15
-1,2	-1,34
0,3	-1,39
1,7	-1,29
3,1	-1,04
3,9	-0,67
4,5	-0,25
4,5	0,22
4,0	0,65
3,1	1,01
1,8	1,26
0,4	1,37
-1,2	1,33
-2,5	1,14
-3,6	0,83
-4,3	0,43
-4,5	-0,03
-4,2	-0,48
-3,5	-0,87
-2,3	-1,17
-1,0	-1,34
0,5	-1,37
1,9	-1,24
3,2	-0,98
4,0	-0,61
4,4	-0,18
4,4	0,28
3,8	0,70
2,9	1,04
1,6	1,27
0,1	1,35
-1,3	1,30
-2,7	1,09
-3,7	0,76
-4,3	0,35
-4,4	-0,09
-4,1	-0,53
-3,3	-0,91
-2,1	-1,19
-0,8	-1,34
0,7	-1,34
2,1	-1,20
3,3	-0,92
4,1	-0,55
4,4	-0,11
4,3	0,34
3,7	0,75
2,6	1,07
1,4	1,27
-0,1	1,35
-1,6	1,26
-2,8	1,03
-3,7	0,70
-4,3	0,27
-4,3	-0,17
-3,9	-0,59
-3,1	-0,95
-1,9	-1,21
-0,6	-1,33
0,9	-1,32
2,3	-1,15
3,4	-0,86
4,1	-0,47
4,4	-0,04
4,2	0,40
3,5	0,79
2,4	1,10
1,1	1,28
-0,2	1,32
-1,7	1,23
-3,0	0,98
-3,8	0,63
-4,3	0,22
-4,3	-0,22
-3,8	-0,64
-2,9	-0,99
-1,7	-1,22
-0,4	-1,33
1,1	-1,29
2,4	-1,10
3,4	-0,81
4,2	-0,41
4,3	0,03
4,0	0,45
3,3	0,83
2,2	1,12
0,9	1,28
-0,5	1,31
-1,9	1,19
-3,1	0,93
-3,9	0,57
-4,3	0,15
-4,2	-0,29
-3,6	-0,69
-2,7	-1,01
-1,5	-1,23
-0,1	-1,32
1,3	-1,25
2,5	-1,05
3,5	-0,74
4,1	-0,34
4,3	0,09
3,9	0,51
3,2	0,87
2,0	1,15
0,6	1,28
-0,7	1,28
-2,1	1,14
-3,2	0,87
-4,0	0,51
-4,3	0,08
-4,1	-0,34
-3,5	-0,73
-2,6	-1,05
-1,3	-1,24
0,1	-1,30
1,5	-1,22
2,7	-1,00
3,6	-0,68
4,2	-0,28
4,2	0,15
3,8	0,55
3,0	0,91
1,8	1,16
0,5	1,27
-0,9	1,26
-2,3	1,09
-3,3	0,81
-3,9	0,44
-4,2	0,02
-4,0	-0,40
-3,3	-0,78
-2,3	-1,07
-1,1	-1,25
0,3	-1,29
1,7	-1,18
2,9	-0,95
3,7	-0,61
4,1	-0,21
4,1	0,21
3,7	0,61
2,8	0,95
1,6	1,17
0,3	1,27
-1,1	1,23
-2,4	1,05
-3,3	0,75
-3,9	0,38
-4,2	-0,04
-3,9	-0,45
-3,2	-0,82
-2,2	-1,09
-0,9	-1,25
0,6	-1,26
1,8	-1,14
2,9	-0,90
3,7	-0,55
4,1	-0,15
4,0	0,27
3,5	0,66
2,6	0,97
1,4	1,18
0,0	1,26
-1,3	1,19
-2,5	1,00
-3,4	0,69
-4,0	0,31
-4,1	-0,10
-3,8	-0,51
-3,0	-0,85
-1,9	-1,11
-0,7	-1,24
0,7	-1,24
2,0	-1,10
3,1	-0,85
3,8	-0,49
4,0	-0,09
3,9	0,32
3,4	0,70
2,4	1,00
1,2	1,19
-0,2	1,24
-1,5	1,15
-2,6	0,95
-3,5	0,63
-4,0	0,25
-4,1	-0,17
-3,6	-0,56
-2,8	-0,89
-1,7	-1,12
-0,4	-1,23
0,9	-1,21
2,1	-1,05
3,1	-0,78
3,8	-0,42
4,0	-0,02
3,8	0,38
3,2	0,74
2,3	1,02
1,0	1,19
-0,3	1,23
-1,6	1,12
-2,8	0,90
-3,6	0,57
-4,0	0,18
-4,0	-0,22
-3,5	-0,61
-2,6	-0,92
-1,5	-1,13
-0,3	-1,22
1,1	-1,18
2,3	-1,01
3,2	-0,73
3,8	-0,37
4,0	0,04
3,7	0,43
3,0	0,78
2,1	1,04
0,8	1,19
-0,6	1,20
-1,8	1,08
-2,8	0,84
-3,6	0,51
-3,9	0,12
-3,8	-0,28
-3,3	-0,65
-2,5	-0,94
-1,4	-1,14
0,0	-1,21
1,2	-1,15
2,4	-0,97
3,4	-0,67
3,8	-0,30
3,9	0,09
3,6	0,48
2,9	0,82
1,9	1,06
0,6	1,19
-0,8	1,18
-1,9	1,04
-3,0	0,79
-3,6	0,45
-3,9	0,07
-3,8	-0,33
-3,2	-0,69
-2,3	-0,97
-1,1	-1,15
0,1	-1,20
1,5	-1,12
2,5	-0,91
3,3	-0,61
3,8	-0,25
3,9	0,15
3,5	0,53
2,7	0,84
1,7	1,07
0,4	1,18
-0,9	1,15
-2,1	1,00
-3,0	0,74
-3,7	0,39
-3,9	0,00
-3,7	-0,38
-3,0	-0,73
-2,1	-0,99
-1,0	-1,15
0,3	-1,18
1,6	-1,08
2,7	-0,86
3,4	-0,55
3,8	-0,18
3,8	0,21
3,3	0,58
2,5	0,87
1,5	1,08
0,2	1,17
-1,1	1,12
-2,2	0,95
-3,1	0,68
-3,7	0,33
-3,8	-0,05
-3,6	-0,43
-2,9	-0,76
-1,9	-1,01
-0,7	-1,15
0,5	-1,16
1,7	-1,05
2,8	-0,81
3,4	-0,49
3,8	-0,12
3,7	0,26
3,2	0,62
2,4	0,90
1,2	1,09
0,0	1,15
-1,2	1,10
-2,3	0,91
-3,2	0,63
-3,7	0,27
-3,8	-0,11
-3,4	-0,48
-2,7	-0,79
-1,7	-1,02
-0,6	-1,14
0,6	-1,14
1,8	-1,01
2,8	-0,77
3,5	-0,44
3,7	-0,07
3,6	0,31
3,1	0,66
2,1	0,93
1,1	1,09
-0,1	1,14
-1,4	1,06
-2,5	0,86
-3,2	0,57
-3,7	0,22
-3,7	-0,17
-3,3	-0,52
-2,6	-0,82
-1,5	-1,04
-0,3	-1,13
0,8	-1,11
2,0	-0,97
2,9	-0,71
3,5	-0,38
3,7	-0,01
3,5	0,36
3,0	0,69
2,0	0,95
0,8	1,10
-0,3	1,12
-1,5	1,03
-2,6	0,82
-3,3	0,51
-3,6	0,16
-3,6	-0,21
-3,2	-0,56
-2,4	-0,85
-1,4	-1,05
-0,2	-1,13
1,0	-1,08
2,1	-0,92
3,0	-0,65
3,5	-0,32
3,7	0,05
3,4	0,41
2,7	0,72
1,8	0,96
0,8	1,09
-0,5	1,11
-1,7	0,99
-2,7	0,76
-3,3	0,46
-3,6	0,10
-3,5	-0,27
-3,0	-0,60
-2,3	-0,87
-1,2	-1,05
0,0	-1,11
1,2	-1,05
2,2	-0,87
3,0	-0,61
3,5	-0,27
3,6	0,10
3,3	0,46
2,6	0,75
1,6	0,98
0,5	1,08
-0,6	1,08
-1,8	0,95
-2,8	0,71
-3,3	0,39
-3,6	0,05
-3,5	-0,32
-2,9	-0,64
-2,0	-0,89
-1,0	-1,05
0,2	-1,09
1,3	-1,01
2,3	-0,83
3,1	-0,55
3,5	-0,21
3,5	0,15
3,2	0,49
2,5	0,79
1,4	0,99
0,3	1,07
-0,8	1,05
-1,9	0,91
-2,8	0,67
-3,4	0,35
-3,6	-0,01
-3,3	-0,36
-2,7	-0,67
-1,9	-0,91
-0,8	-1,05
0,4	-1,08
1,5	-0,98
2,5	-0,78
3,1	-0,49
3,4	-0,16
3,5	0,20
3,1	0,54
2,3	0,81
1,3	0,99
0,2	1,07
-1,0	1,03
-2,0	0,87
-2,9	0,62
-3,4	0,29
-3,5	-0,06
-3,2	-0,41
-2,6	-0,70
-1,7	-0,93
-0,6	-1,05
0,5	-1,05
1,6	-0,94
2,5	-0,73
3,1	-0,45
3,5	-0,10
3,3	0,25
2,9	0,57
2,1	0,83
1,1	0,99
0,0	1,05
-1,1	0,99
-2,1	0,82
-2,9	0,56
-3,4	0,24
-3,5	-0,11
-3,1	-0,45
-2,4	-0,73
-1,5	-0,93
-0,5	-1,04
0,7	-1,03
1,7	-0,91
2,6	-0,68
3,2	-0,39
3,5	-0,05
3,3	0,30
2,8	0,60
1,9	0,85
0,9	0,99
-0,2	1,03
-1,2	0,96
-2,3	0,78
-2,9	0,51
-3,3	0,19
-3,4	-0,16
-3,0	-0,48
-2,3	-0,75
-1,4	-0,94
-0,4	-1,03
0,8	-1,01
1,9	-0,87
2,7	-0,63
3,2	-0,34
3,4	0,00
3,1	0,34
2,6	0,63
1,8	0,87
0,7	0,99
-0,4	1,02
-1,4	0,92
-2,3	0,73
-3,0	0,46
-3,3	0,14
-3,3	-0,20
-2,8	-0,52
-2,2	-0,77
-1,2	-0,95
-0,1	-1,01
1,0	-0,97
2,0	-0,82
2,7	-0,58
3,2	-0,28
3,3	0,06
3,0	0,38
2,4	0,66
1,6	0,87
0,6	0,99
-0,5	0,99
-1,5	0,89
-2,4	0,68
-3,0	0,41
-3,3	0,08
-3,2	-0,25
-2,7	-0,55
-2,0	-0,80
-1,0	-0,95
0,0	-1,00
1,1	-0,94
2,0	-0,78
2,8	-0,53
3,2	-0,22
3,2	0,10
2,9	0,42
2,3	0,69
1,4	0,88
0,5	0,98
-0,7	0,97
-1,7	0,85
-2,5	0,63
-3,0	0,35
-3,2	0,03
-3,1	-0,29
-2,6	-0,59
-1,8	-0,81
-0,9	-0,95
0,2	-0,99
1,2	-0,91
2,1	-0,74
2,8	-0,49
3,2	-0,18
3,2	0,15
2,8	0,46
2,1	0,71
1,3	0,89
0,3	0,97
-0,8	0,95
-1,8	0,81
-2,5	0,59
-3,0	0,31
-3,2	-0,01
-3,0	-0,33
-2,5	-0,61
-1,7	-0,83
-0,7	-0,95
0,3	-0,97
1,4	-0,88
2,2	-0,69
2,8	-0,44
3,1	-0,13
3,1	0,19
2,8	0,49
2,0	0,74
1,1	0,90
0,1	0,95
-0,9	0,91
-1,8	0,77
-2,6	0,55
-3,0	0,25
-3,1	-0,06
-2,9	-0,37
-2,4	-0,64
-1,5	-0,84
-0,5	-0,94
0,5	-0,94
1,5	-0,85
2,3	-0,65
2,8	-0,38
3,1	-0,08
3,0	0,23
2,6	0,52
1,9	0,75
1,0	0,90
-0,1	0,95
-1,1	0,88
-1,9	0,73
-2,7	0,49
-3,0	0,20
-3,1	-0,11
-2,8	-0,41
-2,2	-0,66
-1,4	-0,85
-0,3	-0,93
0,6	-0,92
1,6	-0,81
2,4	-0,61
2,9	-0,33
3,0	-0,03
2,9	0,27
2,5	0,55
1,8	0,76
0,9	0,90
-0,2	0,93
-1,2	0,86
-2,1	0,69
-2,7	0,45
-3,0	0,16
-3,0	-0,15
-2,7	-0,44
-2,0	-0,69
-1,2	-0,85
-0,2	-0,92
0,7	-0,89
1,6	-0,77
2,4	-0,56
2,9	-0,29
3,0	0,02
2,8	0,31
2,4	0,58
1,6	0,78
0,6	0,89
-0,3	0,91
-1,3	0,82
-2,1	0,64
-2,7	0,40
-3,0	0,11
-2,9	-0,20
-2,5	-0,47
-1,9	-0,70
-1,1	-0,85
-0,1	-0,91
0,9	-0,87
1,8	-0,73
2,4	-0,51
2,8	-0,24
2,9	0,06
2,7	0,35
2,2	0,60
1,4	0,79
0,4	0,88
-0,4	0,88
-1,4	0,79
-2,2	0,60
-2,6	0,35
-2,9	0,07
-2,8	-0,23
-2,4	-0,50
-1,8	-0,71
-0,9	-0,85
0,1	-0,89
1,0	-0,84
1,9	-0,69
2,5	-0,46
2,8	-0,19
2,9	0,10
2,6	0,38
2,1	0,62
1,3	0,79
0,3	0,87
-0,6	0,86
-1,5	0,75
-2,2	0,55
-2,7	0,31
-2,9	0,02
-2,7	-0,27
-2,3	-0,53
-1,6	-0,73
-0,7	-0,85
0,2	-0,87
1,1	-0,81
1,9	-0,65
2,5	-0,42
2,8	-0,14
2,8	0,14
2,5	0,42
1,9	0,64
1,1	0,79
0,2	0,86
-0,8	0,83
-1,6	0,71
-2,3	0,51
-2,6	0,26
-2,8	-0,02
-2,7	-0,30
-2,1	-0,55
-1,4	-0,73
-0,6	-0,84
0,4	-0,85
1,2	-0,77
2,0	-0,61
2,6	-0,37
2,8	-0,10
2,7	0,18
2,4	0,44
1,8	0,66
0,9	0,79
0,1	0,85
-0,9	0,80
-1,6	0,67
-2,3	0,47
-2,7	0,21
-2,7	-0,07
-2,5	-0,34
-2,0	-0,57
-1,3	-0,74
-0,5	-0,83
0,5	-0,83
1,3	-0,74
2,0	-0,57
2,6	-0,33
2,7	-0,05
2,6	0,22
2,3	0,47
1,6	0,67
0,8	0,79
0,0	0,83
-1,0	0,78
-1,8	0,63
-2,3	0,43
-2,7	0,17
-2,7	-0,11
-2,4	-0,37
-1,9	-0,59
-1,2	-0,75
-0,3	-0,82
0,6	-0,81
1,4	-0,70
2,0	-0,53
2,6	-0,29
2,7	-0,01
2,6	0,25
2,2	0,50
1,5	0,68
0,7	0,79
-0,2	0,82
-1,1	0,75
-1,8	0,59
-2,3	0,38
-2,6	0,12
-2,6	-0,14
-2,3	-0,40
-1,8	-0,61
-1,0	-0,75
-0,2	-0,81
0,7	-0,78
1,5	-0,67
2,1	-0,48
2,5	-0,25
2,7	0,03
2,4	0,29
2,0	0,51
1,4	0,69
0,5	0,79
-0,4	0,79
-1,2	0,71
-1,9	0,56
-2,4	0,34
-2,6	0,08
-2,5	-0,18
-2,2	-0,43
-1,6	-0,62
-0,9	-0,75
0,0	-0,80
0,8	-0,75
1,6	-0,63
2,2	-0,44
2,5	-0,20
2,5	0,07
2,4	0,31
1,9	0,54
1,2	0,69
0,4	0,78
-0,5	0,77
-1,3	0,68
-1,9	0,51
-2,3	0,30
-2,6	0,04
-2,5	-0,21
-2,1	-0,45
-1,5	-0,64
-0,7	-0,75
0,1	-0,78
1,0	-0,73
1,7	-0,59
2,2	-0,40
2,5	-0,15
2,5	0,11
2,2	0,35
1,8	0,55
1,1	0,70
0,3	0,76
-0,6	0,75
-1,4	0,65
-2,0	0,47
-2,4	0,25
-2,5	0,00
-2,3	-0,25
-2,0	-0,47
-1,3	-0,65
-0,6	-0,74
0,2	-0,77
1,1	-0,70
1,8	-0,56
2,2	-0,35
2,4	-0,11
2,5	0,14
2,2	0,38
1,6	0,57
0,9	0,70
0,1	0,75
-0,7	0,72
-1,4	0,61
-2,0	0,44
-2,4	0,21
-2,4	-0,04
-2,2	-0,28
-1,9	-0,49
-1,2	-0,65
-0,4	-0,73
0,4	-0,74
1,1	-0,66
1,8	-0,52
2,3	-0,31
2,4	-0,07
2,3	0,18
2,0	0,40
1,5	0,58
0,8	0,70
0,0	0,74
-0,8	0,70
-1,5	0,58
-2,1	0,39
-2,3	0,17
-2,4	-0,07
-2,2	-0,31
-1,7	-0,51
-1,1	-0,65
-0,3	-0,73
0,4	-0,72
1,2	-0,64
1,8	-0,48
2,2	-0,27
2,4	-0,03
2,2	0,21
1,9	0,42
1,4	0,59
0,6	0,70
-0,2	0,72
-0,9	0,67
-1,6	0,55
-2,1	0,35
-2,3	0,13
-2,3	-0,11
-2,1	-0,33
-1,6	-0,53
-0,9	-0,66
-0,2	-0,72
0,5	-0,70
1,3	-0,61
1,9	-0,44
2,2	-0,23
2,3	0,00
2,2	0,23
1,9	0,44
1,2	0,60
0,6	0,69
-0,3	0,71
-1,0	0,64
-1,6	0,51
-2,1	0,32
-2,3	0,09
-2,2	-0,14
-2,0	-0,36
-1,5	-0,54
-0,8	-0,66
-0,1	-0,70
0,6	-0,67
1,4	-0,57
1,9	-0,40
2,2	-0,19
2,3	0,04
2,1	0,27
1,7	0,46
1,1	0,61
0,4	0,68
-0,4	0,69
-1,1	0,61
-1,7	0,47
-2,1	0,27
-2,2	0,05
-2,1	-0,17
-1,9	-0,38
-1,4	-0,55
-0,7	-0,65
0,0	-0,69
0,8	-0,65
1,4	-0,53
1,9	-0,37
2,2	-0,15
2,2	0,07
2,1	0,29
1,6	0,48
1,0	0,61
0,3	0,67
-0,5	0,67
-1,2	0,58
-1,7	0,43
-2,1	0,24
-2,2	0,02
-2,1	-0,21
-1,7	-0,41
-1,2	-0,56
-0,6	-0,65
0,2	-0,67
0,9	-0,62
1,4	-0,50
1,9	-0,33
2,2	-0,11
2,1	0,11
1,9	0,32
1,5	0,49
0,9	0,61
0,1	0,67
-0,6	0,64
-1,2	0,55
-1,7	0,39
-2,1	0,20
-2,2	-0,02
-2,0	-0,23
-1,7	-0,42
-1,2	-0,57
-0,4	-0,65
0,3	-0,66
1,0	-0,59
1,5	-0,47
1,9	-0,29
2,2	-0,08
2,1	0,14
1,9	0,34
1,4	0,51
0,7	0,62
0,0	0,66
-0,7	0,63
-1,3	0,52
-1,8	0,36
-2,1	0,16
-2,1	-0,05
-2,0	-0,26
-1,5	-0,45
-1,0	-0,57
-0,3	-0,64
0,4	-0,64
1,0	-0,57
1,6	-0,43
1,9	-0,25
2,1	-0,05
2,1	0,17
1,8	0,36
1,3	0,52
0,6	0,62
-0,1	0,64
-0,8	0,60
-1,4	0,49
-1,8	0,32
-2,0	0,13
-2,1	-0,09
-1,8	-0,29
-1,4	-0,45
-0,9	-0,57
-0,2	-0,63
0,5	-0,62
1,1	-0,54
1,6	-0,40
2,0	-0,21
2,1	-0,01
2,0	0,20
1,6	0,39
1,1	0,53
0,5	0,61
-0,2	0,63
-0,9	0,57
-1,4	0,46
-1,8	0,29
-2,0	0,09
-2,0	-0,12
-1,7	-0,31
-1,4	-0,47
-0,8	-0,58
-0,1	-0,62
0,5	-0,60
1,1	-0,51
1,6	-0,37
2,0	-0,18
2,0	0,03
1,8	0,23
1,6	0,40
1,0	0,54
0,4	0,60
-0,3	0,61
-0,9	0,55
-1,4	0,43
-1,8	0,26
-2,0	0,06
-1,9	-0,14
-1,7	-0,33
-1,3	-0,49
-0,6	-0,58
0,0	-0,61
0,6	-0,58
1,3	-0,48
1,7	-0,33
2,0	-0,14
2,0	0,06
1,8	0,25
1,4	0,42
0,9	0,54
0,3	0,60
-0,4	0,59
-1,0	0,52
-1,5	0,39
-1,8	0,22
-2,0	0,03
-1,9	-0,17
-1,6	-0,35
-1,1	-0,49
-0,6	-0,57
0,1	-0,60
0,8	-0,55
1,3	-0,45
1,7	-0,30
1,9	-0,11
1,9	0,09
1,7	0,27
1,4	0,43
0,8	0,54
0,2	0,59
-0,5	0,58
-1,1	0,50
-1,5	0,36
-1,9	0,19
-2,0	-0,01
-1,8	-0,20
-1,5	-0,37
-1,0	-0,50
-0,4	-0,57
0,2	-0,58
0,8	-0,53
1,4	-0,42
1,7	-0,26
1,9	-0,08
1,9	0,11
1,7	0,30
1,3	0,45
0,7	0,55
0,0	0,58
-0,5	0,55
-1,1	0,47
-1,6	0,33
-1,9	0,15
-1,9	-0,04
-1,8	-0,23
-1,4	-0,39
-0,9	-0,50
-0,3	-0,57
0,3	-0,57
0,9	-0,51
1,4	-0,39
1,7	-0,23
1,9	-0,05
1,8	0,15
1,5	0,31
1,1	0,46
0,6	0,54
0,0	0,57
-0,6	0,53
-1,2	0,44
-1,6	0,29
-1,8	0,12
-1,8	-0,07
-1,7	-0,25
-1,3	-0,41
-0,8	-0,51
-0,2	-0,56
0,4	-0,55
1,0	-0,48
1,4	-0,36
1,7	-0,20
1,9	-0,01
1,8	0,17
1,5	0,34
1,0	0,47
0,4	0,54
-0,2	0,55
-0,7	0,51
-1,2	0,41
-1,6	0,27
-1,8	0,09
-1,8	-0,09
-1,6	-0,27
-1,2	-0,41
-0,7	-0,51
-0,1	-0,55
0,5	-0,53
1,0	-0,45
1,4	-0,33
1,7	-0,17
1,8	0,02
1,6	0,19
1,4	0,35
1,0	0,47
0,4	0,54
-0,2	0,55
-0,8	0,49
-1,3	0,38
-1,6	0,23
-1,8	0,06
-1,8	-0,13
-1,4	-0,29
-1,1	-0,42
-0,6	-0,51
0,0	-0,54
0,6	-0,51
1,1	-0,43
1,5	-0,29
1,7	-0,13
1,7	0,05
1,6	0,22
1,3	0,37
0,8	0,47
0,3	0,53
-0,3	0,53
-0,9	0,47
-1,4	0,35
-1,6	0,20
-1,8	0,03
-1,7	-0,15
-1,4	-0,31
-1,0	-0,43
-0,5	-0,51
0,1	-0,53
0,7	-0,49
1,1	-0,40
1,5	-0,26
1,7	-0,10
1,7	0,07
1,6	0,24
1,1	0,38
0,7	0,47
0,2	0,52
-0,4	0,51
-1,0	0,44
-1,4	0,32
-1,6	0,17
-1,7	-0,01
-1,6	-0,17
-1,3	-0,33
-0,8	-0,44
-0,4	-0,50
0,1	-0,52
0,7	-0,47
1,2	-0,37
1,5	-0,23
1,7	-0,07
1,7	0,10
1,4	0,26
1,0	0,39
0,6	0,47
0,1	0,51
-0,5	0,49
-1,0	0,41
-1,3	0,29
-1,6	0,14
-1,7	-0,03
-1,6	-0,20
-1,2	-0,34
-0,8	-0,45
-0,3	-0,50
0,3	-0,50
0,8	-0,45
1,2	-0,34
1,5	-0,21
1,7	-0,05
1,6	0,12
1,4	0,27
1,0	0,40
0,5	0,47
0,0	0,50
-0,6	0,47
-1,0	0,39
-1,4	0,26
-1,6	0,11
-1,6	-0,05
-1,5	-0,21
-1,2	-0,35
-0,7	-0,45
-0,2	-0,49
0,4	-0,49
0,9	-0,42
1,2	-0,32
1,5	-0,17
1,6	-0,01
1,5	0,15
1,3	0,29
0,9	0,41
0,4	0,47
-0,1	0,49
-0,6	0,45
-1,1	0,36
-1,4	0,23
-1,6	0,08
-1,6	-0,09
-1,3	-0,24
-1,0	-0,36
-0,6	-0,45
-0,1	-0,49
0,5	-0,47
0,9	-0,40
1,3	-0,29
1,5	-0,14
1,6	0,01
1,5	0,17
1,2	0,31
0,8	0,41
0,3	0,47
-0,2	0,47
-0,7	0,43
-1,2	0,33
-1,4	0,20
-1,5	0,05
-1,5	-0,11
-1,3	-0,25
-1,0	-0,37
-0,5	-0,45
0,0	-0,47
0,5	-0,45
1,0	-0,37
1,3	-0,26
1,5	-0,12
1,5	0,04
1,4	0,19
1,2	0,32
0,7	0,42
0,2	0,46
-0,3	0,46
-0,7	0,40
-1,1	0,31
-1,4	0,18
-1,6	0,03
-1,5	-0,13
-1,2	-0,27
-0,9	-0,37
-0,4	-0,45
0,1	-0,46
0,5	-0,43
1,0	-0,35
1,3	-0,23
1,5	-0,09
1,5	0,07
1,3	0,21
1,1	0,33
0,6	0,42
0,1	0,46
-0,4	0,44
-0,8	0,39
-1,2	0,28
-1,4	0,15
-1,5	-0,01
-1,4	-0,15
-1,1	-0,28
-0,8	-0,38
-0,4	-0,44
0,2	-0,45
0,6	-0,41
1,0	-0,33
1,3	-0,21
1,5	-0,06
1,4	0,09
1,3	0,23
1,0	0,34
0,5	0,42
0,0	0,44
-0,4	0,43
-0,9	0,36
-1,2	0,25
-1,4	0,12
-1,4	-0,03
-1,3	-0,17
-1,1	-0,29
-0,7	-0,38
-0,3	-0,43
0,2	-0,44
0,7	-0,39
1,1	-0,30
1,3	-0,18
1,4	-0,04
1,4	0,11
1,2	0,24
0,9	0,35
0,4	0,41
0,0	0,43
-0,4	0,41
-0,9	0,34
-1,3	0,23
-1,4	0,09
-1,4	-0,05
-1,3	-0,19
-1,0	-0,30
-0,6	-0,39
-0,2	-0,43
0,3	-0,42
0,7	-0,37
1,1	-0,27
1,3	-0,15
1,4	-0,01
1,4	0,13
1,1	0,26
0,7	0,35
0,4	0,41
-0,1	0,43
-0,6	0,39
-1,0	0,31
-1,2	0,20
-1,3	0,07
-1,4	-0,07
-1,2	-0,21
-0,9	-0,31
-0,5	-0,39
-0,1	-0,41
0,4	-0,41
0,8	-0,34
1,0	-0,25
1,3	-0,13
1,4	0,01
1,3	0,15
1,0	0,27
0,6	0,35
0,3	0,40
-0,2	0,41
-0,6	0,37
-1,0	0,29
-1,3	0,17
-1,3	0,04
-1,3	-0,09
-1,1	-0,22
-0,8	-0,32
-0,5	-0,38
0,0	-0,41
0,4	-0,39
0,8	-0,33
1,2	-0,22
1,2	-0,10
1,3	0,03
1,2	0,17
0,9	0,27
0,6	0,35
0,2	0,39
-0,2	0,39
-0,6	0,35
-1,0	0,27
-1,2	0,15
-1,3	0,02
-1,2	-0,11
-1,1	-0,23
-0,8	-0,33
-0,3	-0,38
0,0	-0,40
0,5	-0,37
0,9	-0,30
1,2	-0,20
1,3	-0,07
1,2	0,06
1,1	0,18
0,9	0,28
0,5	0,35
0,1	0,39
-0,3	0,38
-0,7	0,33
-1,0	0,24
-1,2	0,12
-1,3	-0,01
-1,2	-0,13
-1,0	-0,25
-0,6	-0,33
-0,2	-0,37
0,1	-0,38
0,5	-0,35
0,9	-0,28
1,1	-0,17
1,2	-0,05
1,2	0,07
1,1	0,19
0,8	0,29
0,4	0,35
0,0	0,38
-0,3	0,36
-0,7	0,31
-1,1	0,21
-1,2	0,10
-1,2	-0,03
-1,1	-0,15
-0,9	-0,25
-0,6	-0,33
-0,2	-0,37
0,2	-0,37
0,6	-0,33
0,9	-0,25
1,1	-0,15
1,2	-0,02
1,2	0,10
1,0	0,21
0,7	0,30
0,4	0,35
0,0	0,37
-0,4	0,35
-0,8	0,28
-1,0	0,19
-1,2	0,07
-1,2	-0,05
-1,0	-0,17
-0,8	-0,26
-0,6	-0,33
-0,2	-0,37
0,3	-0,36
0,7	-0,31
0,9	-0,23
1,1	-0,13
1,2	-0,01
1,1	0,11
0,9	0,22
0,7	0,30
0,3	0,35
-0,1	0,36
-0,5	0,33
-0,8	0,27
-1,1	0,17
-1,2	0,05
-1,1	-0,06
-1,0	-0,17
-0,8	-0,27
-0,5	-0,33
-0,1	-0,36
0,4	-0,34
0,7	-0,29
1,0	-0,21
1,2	-0,10
1,1	0,02
1,0	0,13
0,9	0,23
0,6	0,31
0,2	0,35
-0,2	0,35
-0,6	0,31
-0,8	0,24
-1,1	0,15
-1,2	0,03
-1,1	-0,09
-0,9	-0,19
-0,7	-0,27
-0,4	-0,33
0,0	-0,35
0,4	-0,33
0,7	-0,27
1,0	-0,18
1,1	-0,08
1,2	0,03
1,0	0,15
0,8	0,23
0,6	0,31
0,1	0,34
-0,2	0,34
-0,6	0,29
-0,9	0,22
-1,1	0,12
-1,1	0,01
-1,0	-0,10
-0,9	-0,20
-0,7	-0,28
-0,3	-0,33
0,1	-0,33
0,4	-0,31
0,7	-0,25
0,9	-0,17
1,1	-0,06
1,1	0,05
1,0	0,15
0,8	0,25
0,4	0,31
0,1	0,33
-0,3	0,32
-0,6	0,27
-0,8	0,19
-1,0	0,10
-1,1	-0,01
-1,0	-0,12
-0,8	-0,21
-0,6	-0,28
-0,2	-0,32
0,2	-0,33
0,5	-0,29
0,7	-0,23
0,9	-0,14
1,1	-0,04
1,0	0,07
0,9	0,17
0,7	0,25
0,3	0,30
0,0	0,32
-0,3	0,31
-0,7	0,26
-0,9	0,18
-1,1	0,07
-1,0	-0,03
-0,9	-0,13
-0,7	-0,22
-0,4	-0,28
-0,1	-0,31
0,1	-0,31
0,5	-0,28
0,8	-0,21
1,0	-0,12
1,0	-0,01
0,9	0,09
0,9	0,18
0,6	0,26
0,2	0,30
-0,1	0,31
-0,4	0,29
-0,7	0,23
-0,8	0,15
-1,0	0,06
-1,0	-0,05
-0,8	-0,14
-0,7	-0,22
-0,5	-0,28
-0,1	-0,31
0,3	-0,30
0,5	-0,25
0,8	-0,19
0,9	-0,10
1,0	0,00
1,0	0,10
0,8	0,19
0,6	0,26
0,2	0,30
-0,1	0,30
-0,4	0,27
-0,7	0,22
-0,9	0,13
-0,9	0,04
-0,9	-0,06
-0,9	-0,15
-0,7	-0,23
-0,3	-0,28
0,0	-0,29
0,3	-0,29
0,6	-0,24
0,8	-0,17
0,9	-0,08
0,9	0,02
0,8	0,11
0,8	0,19
0,5	0,26
0,1	0,29
-0,1	0,29
-0,5	0,26
-0,8	0,19
-0,8	0,11
-0,9	0,02
-1,0	-0,08
-0,8	-0,17
-0,5	-0,23
-0,3	-0,28
0,1	-0,29
0,4	-0,27
0,6	-0,22
0,8	-0,15
0,9	-0,06
0,9	0,03
0,8	0,13
0,7	0,20
0,4	0,26
0,1	0,28
-0,2	0,27
-0,4	0,24
-0,8	0,18
-0,9	0,09
-0,9	0,00
-0,9	-0,09
-0,8	-0,17
-0,5	-0,24
-0,2	-0,27
0,1	-0,28
0,4	-0,25
0,6	-0,20
0,8	-0,13
0,9	-0,04
0,9	0,05
0,8	0,14
0,6	0,21
0,3	0,26
0,0	0,27
-0,3	0,27
-0,6	0,22
-0,8	0,15
-0,8	0,07
-0,8	-0,01
-0,9	-0,10
-0,7	-0,18
-0,5	-0,24
-0,2	-0,27
0,1	-0,27
0,5	-0,24
0,6	-0,18
0,8	-0,11
0,9	-0,02
0,8	0,07
0,7	0,15
0,5	0,21
0,3	0,25
0,0	0,27
-0,3	0,25
-0,5	0,20
-0,7	0,14
-0,8	0,06
-0,9	-0,03
-0,8	-0,12
-0,6	-0,19
-0,3	-0,24
-0,1	-0,26
0,2	-0,25
0,4	-0,22
0,6	-0,17
0,8	-0,09
0,9	-0,01
0,8	0,08
0,7	0,15
0,5	0,22
0,2	0,25
-0,1	0,26
-0,3	0,23
-0,6	0,19
-0,8	0,12
-0,9	0,04
-0,9	-0,05
-0,7	-0,13
-0,5	-0,19
-0,3	-0,23
-0,1	-0,25
0,2	-0,25
0,5	-0,21
0,7	-0,15
0,8	-0,07
0,8	0,01
0,8	0,09
0,7	0,16
0,4	0,22
0,1	0,24
-0,1	0,24
-0,3	0,22
-0,6	0,17
-0,8	0,10
-0,8	0,02
-0,7	-0,06
-0,7	-0,13
-0,5	-0,19
-0,3	-0,23
0,0	-0,25
0,3	-0,23
0,5	-0,19
0,7	-0,13
0,8	-0,05
0,8	0,03
0,7	0,11
0,5	0,17
0,3	0,21
0,1	0,23
-0,1	0,23
-0,4	0,20
-0,6	0,15
-0,7	0,08
-0,8	0,01
-0,8	-0,07
-0,6	-0,14
-0,4	-0,20
-0,2	-0,23
0,1	-0,23
0,3	-0,21
0,5	-0,17
0,6	-0,11
0,8	-0,04
0,8	0,04
0,6	0,11
0,5	0,17
0,3	0,21
0,1	0,23
-0,2	0,22
-0,4	0,19
-0,6	0,14
-0,8	0,07
-0,8	-0,01
-0,7	-0,08
-0,6	-0,15
-0,3	-0,20
-0,1	-0,22
0,1	-0,22
0,3	-0,20
0,5	-0,16
0,7	-0,09
0,7	-0,02
0,7	0,05
0,6	0,12
0,5	0,17
0,2	0,21
0,0	0,22
-0,2	0,21
-0,4	0,17
-0,6	0,12
-0,7	0,05
-0,7	-0,02
-0,7	-0,09
-0,5	-0,15
-0,3	-0,19
-0,1	-0,21
0,1	-0,21
0,3	-0,19
0,5	-0,14
0,7	-0,08
0,7	-0,01
0,7	0,06
0,6	0,12
0,4	0,18
0,2	0,20
-0,1	0,21
-0,2	0,19
-0,4	0,16
-0,7	0,11
-0,7	0,03
-0,7	-0,03
-0,7	-0,10
-0,4	-0,16
-0,3	-0,19
-0,1	-0,21
0,2	-0,21
0,4	-0,17
0,6	-0,13
0,7	-0,06
0,6	0,01
0,6	0,07
0,6	0,13
0,3	0,18
0,1	0,20
0,0	0,20
-0,3	0,19
-0,5	0,15
-0,6	0,08
-0,6	0,02
-0,6	-0,05
-0,6	-0,11
-0,4	-0,16
-0,2	-0,19
0,0	-0,20
0,2	-0,19
0,4	-0,16
0,5	-0,11
0,7	-0,05
0,7	0,02
0,6	0,08
0,5	0,14
0,2	0,18
0,0	0,19
-0,1	0,19
-0,3	0,17
-0,5	0,12
-0,6	0,07
-0,7	0,00
-0,6	-0,06
-0,5	-0,12
-0,4	-0,16
-0,2	-0,19
0,1	-0,19
0,2	-0,17
0,4	-0,14
0,5	-0,09
0,6	-0,03
0,6	0,03
0,5	0,09
0,5	0,14
0,3	0,18
0,0	0,19
-0,2	0,18
-0,4	0,15
-0,4	0,11
-0,6	0,06
-0,6	-0,01
-0,5	-0,07
-0,5	-0,12
-0,3	-0,16
-0,1	-0,18
0,1	-0,18
0,2	-0,17
0,5	-0,13
0,6	-0,08
0,6	-0,01
0,6	0,04
0,6	0,10
0,3	0,15
0,1	0,17
0,0	0,18
-0,2	0,17
-0,3	0,14
-0,5	0,10
-0,6	0,04
-0,6	-0,02
-0,6	-0,08
-0,4	-0,13
-0,2	-0,16
0,0	-0,17
0,1	-0,17
0,3	-0,15
0,4	-0,11
0,5	-0,06
0,6	-0,01
0,6	0,05
0,5	0,11
0,3	0,15
0,1	0,17
0,0	0,17
-0,2	0,16
-0,4	0,13
-0,5	0,08
-0,6	0,03
-0,6	-0,03
-0,5	-0,09
-0,3	-0,13
-0,2	-0,16
-0,1	-0,17
0,2	-0,17
0,3	-0,14
0,4	-0,10
0,5	-0,05
0,5	0,01
0,5	0,06
0,4	0,11
0,3	0,15
0,1	0,16
0,0	0,17
-0,3	0,15
-0,4	0,11
-0,5	0,07
-0,5	0,01
-0,5	-0,04
-0,5	-0,09
-0,3	-0,13
-0,2	-0,16
0,1	-0,17
0,2	-0,15
0,3	-0,13
0,4	-0,09
0,5	-0,04
0,6	0,02
0,5	0,07
0,4	0,11
0,2	0,15
0,0	0,16
-0,1	0,15
-0,3	0,14
-0,4	0,10
-0,5	0,06
-0,6	0,00
-0,5	-0,05
-0,4	-0,09
-0,3	-0,13
-0,1	-0,15
0,0	-0,16
0,2	-0,14
0,4	-0,12
0,5	-0,07
0,5	-0,02
0,5	0,03
0,4	0,07
0,3	0,11
0,2	0,14
0,0	0,15
-0,1	0,15
-0,3	0,13
-0,4	0,09
-0,5	0,04
-0,5	-0,01
-0,4	-0,05
-0,4	-0,10
-0,3	-0,13
-0,1	-0,15
0,1	-0,15
0,3	-0,13
0,3	-0,10
0,4	-0,06
0,5	-0,01
0,5	0,03
0,4	0,08
0,3	0,11
0,2	0,14
0,0	0,15
-0,2	0,14
-0,3	0,11
-0,4	0,07
-0,4	0,03
-0,5	-0,01
-0,4	-0,06
-0,3	-0,10
-0,2	-0,13
0,0	-0,14
0,0	-0,14
0,2	-0,13
0,4	-0,09
0,4	-0,05
0,5	-0,01
0,5	0,04
0,3	0,08
0,3	0,11
0,1	0,14
-0,1	0,14
-0,2	0,13
-0,3	0,11
-0,4	0,07
-0,4	0,03
-0,5	-0,02
-0,4	-0,07
-0,3	-0,10
-0,2	-0,13
0,0	-0,13
0,1	-0,13
0,2	-0,11
0,4	-0,08
0,4	-0,04
0,4	0,00
0,4	0,05
0,3	0,09
0,2	0,11
0,1	0,13
-0,1	0,13
-0,2	0,12
-0,3	0,09
-0,4	0,06
-0,5	0,01
-0,4	-0,03
-0,3	-0,07
-0,3	-0,10
-0,2	-0,13
0,0	-0,13
0,2	-0,13
0,3	-0,10
0,3	-0,07
0,4	-0,03
0,4	0,01
0,4	0,06
0,3	0,09
0,2	0,11
0,1	0,13
-0,1	0,13
-0,2	0,11
-0,4	0,08
-0,4	0,04
-0,4	0,00
-0,4	-0,04
-0,3	-0,08
-0,2	-0,10
-0,1	-0,12
0,0	-0,13
0,2	-0,12
0,3	-0,09
0,3	-0,06
0,4	-0,02
0,4	0,02
0,4	0,06
0,2	0,09
0,1	0,11
0,1	0,12
-0,1	0,12
-0,3	0,10
-0,3	0,07
-0,4	0,03
-0,4	-0,01
-0,3	-0,05
-0,2	-0,08
-0,2	-0,10
-0,1	-0,12
0,1	-0,12
0,2	-0,11
0,3	-0,09
0,4	-0,05
0,4	-0,01
0,4	0,03
0,3	0,07
0,2	0,09
0,1	0,11
0,0	0,11
-0,1	0,11
-0,2	0,09
-0,3	0,06
-0,3	0,03
-0,4	-0,01
-0,4	-0,05
-0,2	-0,08
-0,1	-0,10
-0,1	-0,11
0,1	-0,11
0,2	-0,10
0,3	-0,07
0,3	-0,04
0,4	-0,01
0,4	0,03
0,3	0,07
0,2	0,09
0,1	0,11
0,0	0,11
-0,1	0,10
-0,3	0,08
-0,3	0,05
-0,3	0,02
-0,3	-0,02
-0,3	-0,05
-0,2	-0,08
-0,1	-0,10
0,0	-0,11
0,1	-0,10
0,2	-0,09
0,3	-0,06
0,3	-0,03
0,3	0,00
0,3	0,04
0,3	0,07
0,2	0,09
0,1	0,10
0,0	0,11
-0,2	0,09
-0,3	0,07
-0,3	0,04
-0,3	0,01
-0,3	-0,02
-0,3	-0,05
-0,2	-0,08
-0,1	-0,09
0,0	-0,10
0,1	-0,09
0,2	-0,08
0,3	-0,05
0,3	-0,02
0,3	0,01
0,3	0,04
0,3	0,07
0,1	0,09
0,0	0,10
-0,1	0,10
-0,1	0,08
-0,2	0,07
-0,3	0,03
-0,3	0,00
-0,3	-0,03
-0,3	-0,06
-0,2	-0,08
0,0	-0,09
0,0	-0,09
0,1	-0,09
0,2	-0,07
0,3	-0,05
0,4	-0,01
0,2	0,02
0,3	0,04
0,3	0,07
0,1	0,09
0,0	0,09
-0,1	0,09
-0,1	0,07
-0,2	0,06
-0,3	0,03
-0,3	-0,01
-0,2	-0,03
-0,3	-0,06
-0,2	-0,08
-0,1	-0,09
0,1	-0,09
0,2	-0,08
0,2	-0,06
0,2	-0,04
0,3	-0,01
0,3	0,02
0,2	0,05
0,1	0,07
0,1	0,08
0,0	0,09
-0,1	0,08
-0,1	0,07
-0,3	0,05
-0,3	0,02
-0,3	-0,01
-0,2	-0,04
-0,2	-0,06
-0,2	-0,08
0,0	-0,09
0,1	-0,09
0,2	-0,07
0,2	-0,05
0,2	-0,03
0,3	-0,01
0,3	0,03
0,2	0,05
0,1	0,07
0,0	0,08
0,0	0,08
-0,1	0,07
-0,2	0,06
-0,3	0,04
-0,3	0,01
-0,2	-0,01
-0,2	-0,04
-0,1	-0,06
-0,1	-0,07
0,0	-0,08
0,1	-0,08
0,1	-0,06
0,2	-0,05
0,3	-0,02
0,3	0,00
0,3	0,03
0,2	0,05
0,1	0,07
0,0	0,07
0,0	0,07
-0,1	0,07
-0,2	0,05
-0,2	0,03
-0,2	0,01
-0,2	-0,01
-0,2	-0,04
-0,1	-0,05
-0,1	-0,07
0,0	-0,07
0,1	-0,07
0,1	-0,06
0,2	-0,04
0,2	-0,02
0,3	0,01
0,2	0,03
0,1	0,05
0,1	0,06
0,1	0,07
0,0	0,07
-0,1	0,06
-0,2	0,05
-0,2	0,03
-0,2	0,00
-0,2	-0,02
-0,1	-0,04
-0,1	-0,05
-0,1	-0,06
0,0	-0,07
0,1	-0,06
0,1	-0,05
0,2	-0,03
0,2	-0,01
0,2	0,01
0,2	0,03
0,1	0,05
0,1	0,06
0,0	0,07
-0,1	0,07
-0,1	0,05
-0,2	0,04
-0,2	0,02
-0,2	0,00
-0,2	-0,02
-0,2	-0,04
-0,1	-0,05
0,0	-0,06
0,0	-0,06
0,0	-0,05
0,1	-0,05
0,2	-0,03
0,2	-0,01
0,2	0,01
0,2	0,03
0,1	0,05
0,1	0,06
0,0	0,06
0,0	0,06
-0,2	0,05
-0,2	0,03
-0,2	0,02
-0,2	-0,01
-0,2	-0,02
-0,2	-0,04
-0,1	-0,05
0,0	-0,05
0,0	-0,05
0,1	-0,05
0,1	-0,04
0,1	-0,02
0,2	-0,01
0,2	0,02
0,1	0,03
0,1	0,04
0,0	0,05
0,0	0,05
0,0	0,05
-0,1	0,04
-0,2	0,03
-0,2	0,01
-0,1	-0,01
-0,2	-0,02
-0,2	-0,04
0,0	-0,05
0,0	-0,05
0,0	-0,05
0,1	-0,05
0,2	-0,03
0,2	-0,01
0,2	0,00
0,2	0,02
0,1	0,03
0,1	0,04
0,0	0,05
0,0	0,05
-0,1	0,04
-0,1	0,03
-0,1	0,02
-0,2	0,01
-0,1	-0,01
-0,1	-0,02
-0,1	-0,03
-0,1	-0,04
-0,1	-0,05
0,1	-0,05
0,2	-0,03
0,1	-0,02
0,1	-0,01
0,1	0,00
0,1	0,02
0,1	0,03
0,0	0,03
0,0	0,04
0,0	0,04
0,0	0,03
-0,1	0,03
-0,1	0,02
-0,1	0,00
-0,1	-0,01
-0,1	-0,02
-0,1	-0,03
-0,1	-0,04
0,0	-0,04
0,1	-0,04
0,1	-0,03
0,1	-0,02
0,2	-0,01
0,1	0,01
0,1	0,02
0,1	0,03
0,0	0,03
0,0	0,03
0,0	0,03
0,0	0,03
-0,1	0,02
-0,1	0,01
-0,1	0,00
-0,1	-0,01
-0,1	-0,02
0,0	-0,03
0,0	-0,03
0,0	-0,03
0,1	-0,03
0,1	-0,02
0,0	-0,01
0,1	-0,01
0,1	0,01
0,1	0,02
0,0	0,03
0,0	0,03
0,0	0,03
0,0	0,03
0,0	0,03
-0,1	0,02
-0,2	0,01
-0,1	-0,01
-0,1	-0,01
-0,1	-0,02
0,0	-0,03
0,0	-0,03
0,1	-0,03
0,1	-0,02
0,1	-0,02
0,1	-0,01
0,1	0,00
0,1	0,01
0,1	0,02
0,0	0,02
0,0	0,03
0,0	0,03
0,0	0,03
-0,1	0,02
-0,1	0,01
-0,1	0,00
0,0	-0,01
0,0	-0,01
0,0	-0,01
-0,1	-0,02
0,0	-0,02
0,0	-0,02
0,1	-0,02
0,1	-0,01
0,0	-0,01
0,1	0,00
0,1	0,01
0,0	0,01
0,0	0,02
0,0	0,02
0,0	0,02
0,0	0,02
0,0	0,02
-0,1	0,01
-0,1	0,00
-0,1	-0,01
0,0	-0,01
0,0	-0,01
0,0	-0,01
0,0	-0,02
0,0	-0,02
0,0	-0,01
0,0	-0,01
0,1	-0,01
0,1	0,00
0,1	0,01
0,0	0,01
0,0	0,01
0,1	0,02
-0,1	0,02
0,0	0,01
0,0	0,01
0,0	0,01
-0,1	0,00
-0,1	-0,01
0,0	-0,01
0,0	-0,01
0,0	-0,01
0,0	-0,01
0,0	-0,01
0,0	-0,01
0,0	-0,01
0,0	-0,01
0,1	0,00
0,1	0,01
0,0	0,01
0,0	0,01
0,0	0,01
0,0	0,01
0,0	0,01
0,0	0,01
0,0	0,00
0,0	0,00
0,0	-0,01
0,0	-0,01
0,0	-0,01
0,0	-0,01
0,0	-0,01
0,0	-0,01
0,0	-0,01
0,1	-0,01
0,1	0,00
0,0	0,00
0,1	0,00
0,1	0,01
0,0	0,01
0,0	0,01
0,0	0,01
0,0	0,01
0,0	0,00
0,0	0,00
0,0	0,00
0,0	0,00
0,0	-0,01
0,0	-0,01
0,0	-0,01
0,0	-0,01
0,0	-0,01
0,0	-0,01
0,1	-0,01
0,1	0,00
0,0	0,00
0,0	0,00
0,0	0,00
0,0	0,00
0,0	0,00
0,0	0,00
0,0	0,00
0,0	0,00
0,0	0,00
0,0	0,00
0,0	0,00
0,0	0,00
0,0	0,00
0,0	0,00
0,0	0,00
0,0	0,00
0,0	0,00
0,0	0,00
0,0	0,00
0,0	0,00
0,0	0,00
0,0	0,00
0,0	0,00
0,0	0,00
0,0	0,00
0,0	0,00
0,0	0,00
0,0	0,00
0,0	0,00
0,0	0,00
0,0	0,00
0,0	0,00
0,0	0,00
0,0	0,00
0,0	0,00
0,0	0,00
0,0	0,00
0,0	0,00
0,0	0,00
0,0	0,00
0,0	0,00
0,0	0,00
0,0	0,00
0,0	0,00
0,0	0,00
0,0	0,00
0,0	0,00
0,0	0,00
0,0	0,00
0,0	0,00
0,0	0,00
0,0	0,00
0,0	0,00
0,0	0,00
0,0	0,00
0,0	0,00
0,0	0,00
0,0	0,00
0,0	0,00
0,0	0,00
0,0	0,00
0,0	0,00
0,0	0,00
0,0	0,00
0,0	0,00
0,0	0,00
0,0	0,00
0,0	0,00
0,0	0,00
0,0	0,00
0,0	0,00
0,0	0,00
0,0	0,00
0,0	0,00
0,0	0,00
0,0	0,00
0,0	0,00
0,0	0,00
0,0	0,00
0,0	0,00
0,0	0,00
0,0	0,00
0,0	0,00
0,0	0,00
0,0	0,00
0,0	0,00
0,0	0,00
0,0	0,00
0,0	0,00
0,0	0,00
0,0	0,00
0,0	0,00
0,0	0,00
0,0	0,00
0,0	0,00
0,0	0,00
0,0	0,00
0,0	0,00
0,0	0,00
0,0	0,00
0,0	0,00
0,0	0,00
0,0	0,00
0,0	0,00
0,0	0,00
0,0	0,00
0,0	0,00
0,0	0,00
0,0	0,00
0,0	0,00
0,0	0,00
0,0	0,00
0,0	0,00
0,0	0,00
0,0	0,00
0,0	0,00
0,0	0,00
0,0	0,00
0,0	0,00
0,0	0,00
0,0	0,00
0,0	0,00
0,0	0,00
0,0	0,00
0,0	0,00
0,0	0,00
0,0	0,00
0,0	0,00
0,0	0,00
0,0	0,00
0,0	0,00
0,0	0,00
0,0	0,00
0,0	0,00
0,0	0,00
0,0	0,00
0,0	0,00
0,0	0,00
0,0	0,00
0,0	0,00
0,0	0,00
0,0	0,00
0,0	0,00
0,0	0,00
0,0	0,00
0,0	0,00
0,0	0,00
0,0	0,00
0,0	0,00
0,0	0,00
0,0	0,00
0,0	0,00
0,0	0,00
0,0	0,00
0,0	0,00
0,0	0,00
0,0	0,00
0,0	0,00
0,0	0,00
0,0	0,00
0,0	0,00
0,0	0,00
0,0	0,00
0,0	0,00
0,0	0,00
0,0	0,00
0,0	0,00
0,0	0,00
0,0	0,00
0,0	0,00
0,0	0,00
0,0	0,00
0,0	0,00
0,0	0,00
0,0	0,00
0,0	0,00
0,0	0,00
0,0	0,00
0,0	0,00
0,0	0,00
0,0	0,00
0,0	0,00
0,0	0,00
0,0	0,00
0,0	0,00
0,0	0,00
0,0	0,00
0,0	0,00
0,0	0,00
0,0	0,00
0,0	0,00
0,0	0,00
0,0	0,00
0,0	0,00
0,0	0,00
0,0	0,00
0,0	0,00
0,0	0,00
0,0	0,00
0,0	0,00
0,0	0,00
0,0	0,00
0,0	0,00
0,0	0,00
0,0	0,00
0,0	0,00
0,0	0,00
0,0	0,00
0,0	0,00
0,0	0,00
0,0	0,00
0,0	0,00
0,0	0,00
0,0	0,00
0,0	0,00
0,0	0,00
0,0	0,00
0,0	0,00
0,0	0,00
0,0	0,00
0,0	0,00
0,0	0,00
0,0	0,00
0,0	0,00
0,0	0,00
0,0	0,00
0,0	0,00
	0,00
