Frequenz,Kanal A,Kanal B
(ms),(mV),(mV)

-50.08202046,9.27762600,23.80444000
-50.04106046,9.27762600,23.80444000
-50.00010046,0.22888880,20.20936000
-49.95914046,0.22888880,23.80444000
-49.91818046,-8.83510900,16.60817000
-49.87722046,-8.83510900,18.40877000
-49.83626046,-8.83510900,16.60817000
-49.79530046,-17.88385000,16.60817000
-49.75434046,-22.41584000,13.01309000
-49.71338046,-26.93258000,14.81368000
-49.67242046,-26.93258000,13.01309000
-49.63146046,-35.99658000,9.41801200
-49.59050046,-35.99658000,9.41801200
-49.54954046,-35.99658000,9.41801200
-49.50858047,-35.99658000,7.61742000
-49.46762047,-45.04532000,4.02233900
-49.42666047,-45.04532000,5.82293100
-49.38570047,-45.04532000,5.82293100
-49.34474047,-58.62605000,0.43336280
-49.30378047,-54.09406000,2.22785100
-49.26282047,-58.62605000,-1.36722900
-49.22186047,-63.15805000,-3.16171700
-49.18090047,-67.67479000,-4.96230900
-49.13994047,-67.67479000,-4.96230900
-49.09898047,-72.20679000,-6.76290100
-49.05802047,-72.20679000,-4.96230900
-49.01706047,-81.25553000,-12.15247000
-48.97610047,-81.25553000,-6.76290100
-48.93514047,-90.31953000,-12.15247000
-48.89418047,-90.31953000,-13.95306000
-48.85322047,-90.31953000,-8.55739000
-48.81226047,-99.36826000,-19.34873000
-48.77130047,-94.83626000,-12.15247000
-48.73034047,-99.36826000,-19.34873000
-48.68938047,-103.90030000,-21.14322000
-48.64842047,-99.36826000,-15.75365000
-48.60746047,-117.48100000,-28.33949000
-48.56650047,-103.90030000,-15.75365000
-48.52554047,-117.48100000,-26.53890000
-48.48458047,-117.48100000,-26.53890000
-48.44362047,-117.48100000,-22.94382000
-48.40266047,-135.57850000,-35.52965000
-48.36170047,-117.48100000,-21.14322000
-48.32074047,-140.11050000,-37.33024000
-48.27978047,-131.04650000,-28.33949000
-48.23882047,-135.57850000,-30.13398000
-48.19786047,-144.62720000,-37.33024000
-48.15690047,-140.11050000,-33.73516000
-48.11594047,-149.15920000,-39.13083000
-48.07498047,-153.69120000,-39.13083000
-48.03402047,-153.69120000,-35.52965000
-47.99306047,-162.73990000,-48.12158000
-47.95210047,-153.69120000,-35.52965000
-47.91114047,-171.78870000,-48.12158000
-47.87018048,-162.73990000,-40.92532000
-47.82922048,-171.78870000,-44.52040000
-47.78826048,-171.78870000,-48.12158000
-47.74730048,-171.78870000,-48.12158000
-47.70634048,-180.85270000,-48.12158000
-47.66538048,-185.36940000,-53.51115000
-47.62442048,-180.85270000,-44.52040000
-47.58346048,-198.95010000,-62.50190000
-47.54250048,-180.85270000,-44.52040000
-47.50154048,-208.01410000,-64.30250000
-47.46058048,-189.90140000,-53.51115000
-47.41962048,-208.01410000,-57.11234000
-47.37866048,-208.01410000,-62.50190000
-47.33770048,-203.48210000,-55.31175000
-47.29674048,-221.59490000,-69.69817000
-47.25578048,-208.01410000,-49.91607000
-47.21482048,-226.11160000,-69.69817000
-47.17386048,-217.06290000,-58.90683000
-47.13290048,-226.11160000,-64.30250000
-47.09194048,-226.11160000,-69.69817000
-47.05098048,-226.11160000,-62.50190000
-47.01002048,-244.22430000,-73.29325000
-46.96906048,-235.17560000,-64.30250000
-46.92810048,-244.22430000,-69.69817000
-46.88714048,-244.22430000,-75.09385000
-46.84618048,-244.22430000,-66.10309000
-46.80522048,-253.27310000,-76.88834000
-46.76426048,-244.22430000,-66.10309000
-46.72330048,-262.33710000,-78.68892000
-46.68234048,-262.33710000,-73.29325000
-46.64138048,-262.33710000,-76.88834000
-46.60042048,-262.33710000,-73.29325000
-46.55946048,-271.38580000,-80.48952000
-46.51850048,-271.38580000,-76.88834000
-46.47754048,-284.96660000,-85.87908000
-46.43658048,-271.38580000,-73.29325000
-46.39562048,-289.48330000,-82.28400000
-46.35466048,-284.96660000,-80.48952000
-46.31370048,-289.48330000,-78.68892000
-46.27274048,-298.54730000,-87.67968000
-46.23178048,-289.48330000,-78.68892000
-46.19082049,-307.59600000,-91.27476000
-46.14986049,-298.54730000,-78.68892000
-46.10890049,-312.12810000,-85.87908000
-46.06794049,-312.12810000,-89.48027000
-46.02698049,-312.12810000,-85.87908000
-45.98602049,-325.70880000,-93.07535000
-45.94506049,-316.64480000,-84.08459000
-45.90410049,-325.70880000,-93.07535000
-45.86314049,-325.70880000,-89.48027000
-45.82218049,-334.75750000,-89.48027000
-45.78122049,-334.75750000,-93.07535000
-45.74026049,-334.75750000,-89.48027000
-45.69930049,-348.33830000,-98.47102000
-45.65834049,-339.28950000,-91.27476000
-45.61738049,-348.33830000,-96.67043000
-45.57642049,-348.33830000,-91.27476000
-45.53546049,-352.87020000,-96.67043000
-45.49450049,-352.87020000,-93.07535000
-45.45354049,-361.91900000,-98.47102000
-45.41258049,-361.91900000,-96.67043000
-45.37162049,-366.45100000,-98.47102000
-45.33066049,-361.91900000,-94.86984000
-45.28970049,-370.96770000,-98.47102000
-45.24874049,-370.96770000,-98.47102000
-45.20778049,-375.49970000,-96.67043000
-45.16682049,-384.54850000,-98.47102000
-45.12586049,-380.03170000,-96.67043000
-45.08490049,-389.08040000,-105.66120000
-45.04394049,-384.54850000,-98.47102000
-45.00298049,-389.08040000,-98.47102000
-44.96202049,-393.61250000,-105.66120000
-44.92106049,-389.08040000,-96.67043000
-44.88010049,-402.66120000,-105.66120000
-44.83914049,-389.08040000,-94.86984000
-44.79818049,-407.19320000,-105.66120000
-44.75722049,-398.12920000,-102.06610000
-44.71626049,-402.66120000,-98.47102000
-44.67530049,-407.19320000,-105.66120000
-44.63434049,-398.12920000,-96.67043000
-44.59338049,-407.19320000,-105.66120000
-44.55242050,-407.19320000,-102.06610000
-44.51146050,-407.19320000,-102.06610000
-44.47050050,-411.70990000,-105.66120000
-44.42954050,-407.19320000,-102.06610000
-44.38858050,-411.70990000,-100.26550000
-44.34762050,-416.24190000,-105.66120000
-44.30666050,-416.24190000,-100.26550000
-44.26570050,-416.24190000,-105.66120000
-44.22474050,-407.19320000,-102.06610000
-44.18378050,-407.19320000,-100.26550000
-44.14282050,-416.24190000,-105.66120000
-44.10186050,-407.19320000,-98.47102000
-44.06090050,-411.70990000,-105.66120000
-44.01994050,-407.19320000,-100.26550000
-43.97898050,-407.19320000,-98.47102000
-43.93802050,-407.19320000,-105.66120000
-43.89706050,-398.12920000,-94.86984000
-43.85610050,-407.19320000,-105.66120000
-43.81514050,-398.12920000,-98.47102000
-43.77418050,-398.12920000,-98.47102000
-43.73322050,-398.12920000,-102.06610000
-43.69226050,-389.08040000,-98.47102000
-43.65130050,-398.12920000,-103.86060000
-43.61034050,-389.08040000,-98.47102000
-43.56938050,-384.54850000,-98.47102000
-43.52842050,-380.03170000,-98.47102000
-43.48746050,-380.03170000,-98.47102000
-43.44650050,-370.96770000,-96.67043000
-43.40554050,-370.96770000,-100.26550000
-43.36458050,-361.91900000,-93.07535000
-43.32362050,-361.91900000,-98.47102000
-43.28266050,-361.91900000,-98.47102000
-43.24170050,-352.87020000,-94.86984000
-43.20074050,-352.87020000,-98.47102000
-43.15978050,-343.80620000,-91.27476000
-43.11882050,-343.80620000,-91.27476000
-43.07786050,-334.75750000,-93.07535000
-43.03690050,-334.75750000,-93.07535000
-42.99594050,-330.22550000,-94.86984000
-42.95498050,-316.64480000,-91.27476000
-42.91402051,-321.17680000,-93.07535000
-42.87306051,-316.64480000,-91.27476000
-42.83210051,-312.12810000,-91.27476000
-42.79114051,-307.59600000,-91.27476000
-42.75018051,-298.54730000,-89.48027000
-42.70922051,-294.01530000,-89.48027000
-42.66826051,-289.48330000,-91.27476000
-42.62730051,-284.96660000,-87.67968000
-42.58634051,-280.43460000,-85.87908000
-42.54538051,-275.90260000,-87.67968000
-42.50442051,-271.38580000,-84.08459000
-42.46346051,-262.33710000,-85.87908000
-42.42250051,-257.80510000,-84.08459000
-42.38154051,-257.80510000,-84.08459000
-42.34058051,-253.27310000,-84.08459000
-42.29962051,-244.22430000,-80.48952000
-42.25866051,-239.69240000,-82.28400000
-42.21770051,-235.17560000,-82.28400000
-42.17674051,-226.11160000,-80.48952000
-42.13578051,-226.11160000,-78.68892000
-42.09482051,-221.59490000,-78.68892000
-42.05386051,-212.53090000,-76.88834000
-42.01290051,-208.01410000,-75.09385000
-41.97194051,-203.48210000,-75.09385000
-41.93098051,-203.48210000,-76.88834000
-41.89002051,-194.43340000,-75.09385000
-41.84906051,-189.90140000,-71.49266000
-41.80810051,-189.90140000,-75.09385000
-41.76714051,-180.85270000,-69.69817000
-41.72618051,-180.85270000,-71.49266000
-41.68522051,-171.78870000,-69.69817000
-41.64426051,-167.27190000,-66.10309000
-41.60330051,-167.27190000,-69.69817000
-41.56234051,-158.20790000,-62.50190000
-41.52138051,-153.69120000,-66.10309000
-41.48042051,-149.15920000,-64.30250000
-41.43946051,-144.62720000,-62.50190000
-41.39850051,-144.62720000,-62.50190000
-41.35754051,-135.57850000,-60.70742000
-41.31658051,-135.57850000,-62.50190000
-41.27562052,-126.52970000,-58.90683000
-41.23466052,-121.99770000,-57.11234000
-41.19370052,-117.48100000,-58.90683000
-41.15274052,-112.94900000,-53.51115000
-41.11178052,-108.41700000,-53.51115000
-41.07082052,-108.41700000,-57.11234000
-41.02986052,-99.36826000,-51.71666000
-40.98890052,-99.36826000,-53.51115000
-40.94794052,-90.31953000,-49.91607000
-40.90698052,-90.31953000,-48.12158000
-40.86602052,-81.25553000,-49.91607000
-40.82506052,-81.25553000,-46.32100000
-40.78410052,-76.73878000,-48.12158000
-40.74314052,-72.20679000,-46.32100000
-40.70218052,-72.20679000,-46.32100000
-40.66122052,-63.15805000,-42.72591000
-40.62026052,-63.15805000,-42.72591000
-40.57930052,-54.09406000,-37.33024000
-40.53834052,-58.62605000,-40.92532000
-40.49738052,-45.04532000,-37.33024000
-40.45642052,-45.04532000,-35.52965000
-40.41546052,-45.04532000,-37.33024000
-40.37450052,-35.99658000,-33.73516000
-40.33354052,-35.99658000,-33.73516000
-40.29258052,-26.93258000,-33.73516000
-40.25162052,-26.93258000,-26.53890000
-40.21066052,-26.93258000,-33.73516000
-40.16970052,-17.88385000,-22.94382000
-40.12874052,-22.41584000,-31.93457000
-40.08778052,-8.83510900,-24.74441000
-40.04682052,-8.83510900,-22.94382000
-40.00586052,-8.83510900,-26.53890000
-39.96490052,4.74562800,-19.34873000
-39.92394052,-4.30311000,-24.74441000
-39.88298052,9.27762600,-19.34873000
-39.84202052,13.80962000,-15.75365000
-39.80106052,9.27762600,-24.74441000
-39.76010052,27.37510000,-6.76290100
-39.71914052,9.27762600,-21.14322000
-39.67818052,27.37510000,-12.15247000
-39.63722053,27.37510000,-10.35798000
-39.59626053,27.37510000,-15.75365000
-39.55530053,40.94057000,-3.16171700
-39.51434053,27.37510000,-15.75365000
-39.47338053,45.47258000,-1.36722900
-39.43242053,40.94057000,-8.55739000
-39.39146053,50.00458000,-4.96230900
-39.35050053,54.52132000,0.43336280
-39.30954053,50.00458000,-1.36722900
-39.26858053,63.58531000,2.22785100
-39.22762053,63.58531000,4.02233900
-39.18666053,63.58531000,-1.36722900
-39.14570053,72.63405000,9.41801200
-39.10474053,63.58531000,0.43336280
-39.06378053,81.68279000,11.21860000
-39.02282053,72.63405000,4.02233900
-38.98186053,77.16605000,9.41801200
-38.94090053,81.68279000,9.41801200
-38.89994053,86.21478000,11.21860000
-38.85898053,90.74679000,9.41801200
-38.81802053,95.26352000,16.60817000
-38.77706053,90.74679000,9.41801200
-38.73610053,104.32750000,23.80444000
-38.69514053,90.74679000,9.41801200
-38.65418053,117.90830000,25.59892000
-38.61322053,99.79552000,16.60817000
-38.57226053,117.90830000,23.80444000
-38.53130053,117.90830000,25.59892000
-38.49034053,117.90830000,20.20936000
-38.44938053,126.95700000,34.58968000
-38.40842053,113.37630000,16.60817000
-38.36746053,136.00570000,34.58968000
-38.32650053,126.95700000,27.39952000
-38.28554053,136.00570000,27.39952000
-38.24458053,136.00570000,36.39027000
-38.20362053,131.48900000,23.80444000
-38.16266053,154.11850000,41.78594000
-38.12170053,140.53770000,30.99460000
-38.08074053,154.11850000,38.19086000
-38.03978053,154.11850000,41.78594000
-37.99882053,149.58650000,30.99460000
-37.95786054,163.16720000,47.18161000
-37.91690054,154.11850000,34.58968000
-37.87594054,172.23120000,45.38102000
-37.83498054,163.16720000,41.78594000
-37.79402054,172.23120000,45.38102000
-37.75306054,172.23120000,47.18161000
-37.71210054,181.27990000,47.18161000
-37.67114054,176.74790000,45.38102000
-37.63018054,190.32870000,56.17237000
-37.58922054,181.27990000,43.58654000
-37.54826054,199.37740000,56.17237000
-37.50730054,190.32870000,50.77670000
-37.46634054,199.37740000,54.37177000
-37.42538054,203.90940000,59.76745000
-37.38442054,199.37740000,50.77670000
-37.34346054,212.95810000,63.36253000
-37.30250054,208.44140000,56.17237000
-37.26154054,212.95810000,59.76745000
-37.22058054,217.49010000,65.16312000
-37.17962054,217.49010000,57.96685000
-37.13866054,226.53890000,68.75820000
-37.09770054,217.49010000,57.96685000
-37.05674054,235.60290000,70.55879000
-37.01578054,226.53890000,59.76745000
-36.97482054,235.60290000,66.95761000
-36.93386054,240.11960000,72.35329000
-36.89290054,240.11960000,63.36253000
-36.85194054,249.18360000,75.94836000
-36.81098054,244.65160000,65.16312000
-36.77002054,258.23230000,75.94836000
-36.72906054,253.70040000,70.55879000
-36.68810054,262.76430000,74.15387000
-36.64714054,262.76430000,75.94836000
-36.60618054,267.28110000,74.15387000
-36.56522054,271.81310000,79.54955000
-36.52426054,271.81310000,75.94836000
-36.48330054,271.81310000,75.94836000
-36.44234054,280.86180000,81.34403000
-36.40138054,280.86180000,77.74895000
-36.36042054,289.92580000,81.34403000
-36.31946055,289.92580000,81.34403000
-36.27850055,289.92580000,81.34403000
-36.23754055,298.97450000,84.94522000
-36.19658055,298.97450000,81.34403000
-36.15562055,303.50660000,84.94522000
-36.11466055,308.02330000,88.54030000
-36.07370055,303.50660000,79.54955000
-36.03274055,317.08730000,92.13538000
-35.99178055,308.02330000,81.34403000
-35.95082055,326.13600000,92.13538000
-35.90986055,317.08730000,86.73971000
-35.86890055,326.13600000,86.73971000
-35.82794055,335.18480000,95.73045000
-35.78698055,326.13600000,84.94522000
-35.74602055,339.71680000,95.73045000
-35.70506055,335.18480000,88.54030000
-35.66410055,344.23350000,92.13538000
-35.62314055,344.23350000,93.93597000
-35.58218055,344.23350000,88.54030000
-35.54122055,357.81420000,95.73045000
-35.50026055,348.76550000,88.54030000
-35.45930055,362.34630000,97.53105000
-35.41834055,362.34630000,95.73045000
-35.37738055,362.34630000,95.73045000
-35.33642055,366.87820000,95.73045000
-35.29546055,371.39500000,95.73045000
-35.25450055,371.39500000,99.32554000
-35.21354055,371.39500000,95.73045000
-35.17258055,380.45900000,101.12610000
-35.13162055,375.92700000,97.53105000
-35.09066055,384.97570000,102.92670000
-35.04970055,389.50770000,99.32554000
-35.00874055,389.50770000,97.53105000
-34.96778055,389.50770000,99.32554000
-34.92682055,394.03970000,101.12610000
-34.88586055,394.03970000,95.73045000
-34.84490055,394.03970000,101.12610000
-34.80394055,398.55650000,99.32554000
-34.76298055,403.08850000,101.12610000
-34.72202055,398.55650000,99.32554000
-34.68106056,403.08850000,99.32554000
-34.64010056,407.62040000,102.92670000
-34.59914056,403.08850000,97.53105000
-34.55818056,407.62040000,104.72120000
-34.51722056,407.62040000,99.32554000
-34.47626056,407.62040000,101.12610000
-34.43530056,412.13720000,104.72120000
-34.39434056,407.62040000,97.53105000
-34.35338056,412.13720000,104.72120000
-34.31242056,407.62040000,101.12610000
-34.27146056,412.13720000,101.12610000
-34.23050056,412.13720000,102.92670000
-34.18954056,407.62040000,99.32554000
-34.14858056,416.66920000,104.72120000
-34.10762056,407.62040000,99.32554000
-34.06666056,412.13720000,101.12610000
-34.02570056,412.13720000,102.92670000
-33.98474056,407.62040000,99.32554000
-33.94378056,407.62040000,101.12610000
-33.90282056,407.62040000,102.92670000
-33.86186056,403.08850000,99.32554000
-33.82090056,403.08850000,99.32554000
-33.77994056,398.55650000,97.53105000
-33.73898056,398.55650000,102.92670000
-33.69802056,394.03970000,97.53105000
-33.65706056,389.50770000,97.53105000
-33.61610056,389.50770000,99.32554000
-33.57514056,384.97570000,95.73045000
-33.53418056,384.97570000,97.53105000
-33.49322056,375.92700000,95.73045000
-33.45226056,375.92700000,95.73045000
-33.41130056,371.39500000,95.73045000
-33.37034056,366.87820000,93.93597000
-33.32938056,366.87820000,97.53105000
-33.28842056,362.34630000,93.93597000
-33.24746056,357.81420000,95.73045000
-33.20650056,348.76550000,92.13538000
-33.16554056,353.29750000,95.73045000
-33.12458056,344.23350000,92.13538000
-33.08362056,339.71680000,92.13538000
-33.04266057,339.71680000,99.32554000
-33.00170057,326.13600000,90.33479000
-32.96074057,326.13600000,93.93597000
-32.91978057,317.08730000,90.33479000
-32.87882057,317.08730000,90.33479000
-32.83786057,308.02330000,92.13538000
-32.79690057,303.50660000,88.54030000
-32.75594057,298.97450000,90.33479000
-32.71498057,294.44260000,88.54030000
-32.67402057,289.92580000,88.54030000
-32.63306057,285.39380000,88.54030000
-32.59210057,280.86180000,84.94522000
-32.55114057,276.34510000,86.73971000
-32.51018057,267.28110000,86.73971000
-32.46922057,262.76430000,83.14462000
-32.42826057,262.76430000,86.73971000
-32.38730057,253.70040000,81.34403000
-32.34634057,249.18360000,81.34403000
-32.30538057,244.65160000,81.34403000
-32.26442057,235.60290000,79.54955000
-32.22346057,235.60290000,81.34403000
-32.18250057,226.53890000,75.94836000
-32.14154057,231.07090000,79.54955000
-32.10058057,217.49010000,77.74895000
-32.05962057,212.95810000,74.15387000
-32.01866057,208.44140000,77.74895000
-31.97770057,208.44140000,72.35329000
-31.93674057,203.90940000,75.94836000
-31.89578057,194.86070000,70.55879000
-31.85482057,190.32870000,72.35329000
-31.81386057,185.79670000,70.55879000
-31.77290057,181.27990000,70.55879000
-31.73194057,176.74790000,70.55879000
-31.69098057,172.23120000,68.75820000
-31.65002057,167.69920000,66.95761000
-31.60906057,158.65050000,65.16312000
-31.56810057,158.65050000,66.95761000
-31.52714057,154.11850000,63.36253000
-31.48618057,149.58650000,63.36253000
-31.44522057,149.58650000,65.16312000
-31.40426058,136.00570000,59.76745000
-31.36330058,140.53770000,63.36253000
-31.32234058,126.95700000,57.96685000
-31.28138058,126.95700000,57.96685000
-31.24042058,122.42500000,59.76745000
-31.19946058,117.90830000,54.37177000
-31.15850058,117.90830000,57.96685000
-31.11754058,108.84430000,54.37177000
-31.07658058,104.32750000,50.77670000
-31.03562058,104.32750000,54.37177000
-30.99466058,95.26352000,48.97610000
-30.95370058,99.79552000,52.57729000
-30.91274058,90.74679000,50.77670000
-30.87178058,81.68279000,39.98535000
-30.83082058,86.21478000,52.57729000
-30.78986058,72.63405000,43.58654000
-30.74890058,72.63405000,45.38102000
-30.70794058,72.63405000,45.38102000
-30.66698058,63.58531000,38.19086000
-30.62602058,72.63405000,48.97610000
-30.58506058,45.47258000,32.79519000
-30.54410058,54.52132000,38.19086000
-30.50314058,50.00458000,38.19086000
-30.46218058,45.47258000,30.99460000
-30.42122058,45.47258000,41.78594000
-30.38026058,27.37510000,25.59892000
-30.33930058,45.47258000,38.19086000
-30.29834058,27.37510000,25.59892000
-30.25738058,27.37510000,30.99460000
-30.21642058,22.85836000,30.99460000
-30.17546058,18.32636000,23.80444000
-30.13450058,18.32636000,29.20011000
-30.09354058,9.27762600,23.80444000
-30.05258058,9.27762600,23.80444000
-30.01162058,4.74562800,22.00385000
-29.97066058,0.22888880,18.40877000
-29.92970058,0.22888880,23.80444000
-29.88874058,-8.83510900,14.81368000
-29.84778058,-8.83510900,23.80444000
-29.80682058,-17.88385000,13.01309000
-29.76586059,-13.35185000,16.60817000
-29.72490059,-26.93258000,9.41801200
-29.68394059,-22.41584000,16.60817000
-29.64298059,-31.46458000,9.41801200
-29.60202059,-26.93258000,11.21860000
-29.56106059,-40.51332000,5.82293100
-29.52010059,-35.99658000,9.41801200
-29.47914059,-45.04532000,4.02233900
-29.43818059,-45.04532000,4.02233900
-29.39722059,-45.04532000,5.82293100
-29.35626059,-54.09406000,-4.96230900
-29.31530059,-45.04532000,7.61742000
-29.27434059,-67.67479000,-8.55739000
-29.23338059,-49.57732000,9.41801200
-29.19242059,-72.20679000,-8.55739000
-29.15146059,-63.15805000,-3.16171700
-29.11050059,-72.20679000,-4.96230900
-29.06954059,-81.25553000,-12.15247000
-29.02858059,-72.20679000,0.43336280
-28.98762059,-90.31953000,-13.95306000
-28.94666059,-81.25553000,-8.55739000
-28.90570059,-81.25553000,-12.15247000
-28.86474059,-94.83626000,-17.54814000
-28.82378059,-85.78752000,-6.76290100
-28.78282059,-108.41700000,-22.94382000
-28.74186059,-90.31953000,-10.35798000
-28.70090059,-108.41700000,-22.94382000
-28.65994059,-99.36826000,-17.54814000
-28.61898059,-108.41700000,-19.34873000
-28.57802059,-112.94900000,-24.74441000
-28.53706059,-112.94900000,-21.14322000
-28.49610059,-117.48100000,-22.94382000
-28.45514059,-126.52970000,-28.33949000
-28.41418059,-126.52970000,-26.53890000
-28.37322059,-126.52970000,-28.33949000
-28.33226059,-131.04650000,-30.13398000
-28.29130059,-126.52970000,-26.53890000
-28.25034059,-140.11050000,-33.73516000
-28.20938059,-135.57850000,-28.33949000
-28.16842059,-144.62720000,-37.33024000
-28.12746059,-144.62720000,-33.73516000
-28.08650060,-149.15920000,-35.52965000
-28.04554060,-153.69120000,-40.92532000
-28.00458060,-153.69120000,-35.52965000
-27.96362060,-162.73990000,-46.32100000
-27.92266060,-162.73990000,-40.92532000
-27.88170060,-171.78870000,-44.52040000
-27.84074060,-167.27190000,-44.52040000
-27.79978060,-171.78870000,-46.32100000
-27.75882060,-180.85270000,-51.71666000
-27.71786060,-171.78870000,-42.72591000
-27.67690060,-189.90140000,-55.31175000
-27.63594060,-180.85270000,-48.12158000
-27.59498060,-194.43340000,-57.11234000
-27.55402060,-189.90140000,-51.71666000
-27.51306060,-194.43340000,-53.51115000
-27.47210060,-198.95010000,-58.90683000
-27.43114060,-198.95010000,-53.51115000
-27.39018060,-208.01410000,-60.70742000
-27.34922060,-203.48210000,-57.11234000
-27.30826060,-212.53090000,-60.70742000
-27.26730060,-217.06290000,-60.70742000
-27.22634060,-217.06290000,-62.50190000
-27.18538060,-217.06290000,-64.30250000
-27.14442060,-221.59490000,-62.50190000
-27.10346060,-226.11160000,-62.50190000
-27.06250060,-230.64360000,-67.89758000
-27.02154060,-230.64360000,-66.10309000
-26.98058060,-235.17560000,-69.69817000
-26.93962060,-239.69240000,-69.69817000
-26.89866060,-239.69240000,-67.89758000
-26.85770060,-248.75630000,-73.29325000
-26.81674060,-244.22430000,-69.69817000
-26.77578060,-253.27310000,-73.29325000
-26.73482060,-262.33710000,-76.88834000
-26.69386060,-257.80510000,-71.49266000
-26.65290060,-266.85380000,-82.28400000
-26.61194060,-262.33710000,-71.49266000
-26.57098060,-271.38580000,-78.68892000
-26.53002060,-266.85380000,-76.88834000
-26.48906060,-275.90260000,-78.68892000
-26.44810061,-280.43460000,-82.28400000
-26.40714061,-280.43460000,-78.68892000
-26.36618061,-289.48330000,-84.08459000
-26.32522061,-284.96660000,-78.68892000
-26.28426061,-294.01530000,-84.08459000
-26.24330061,-294.01530000,-84.08459000
-26.20234061,-298.54730000,-84.08459000
-26.16138061,-298.54730000,-84.08459000
-26.12042061,-307.59600000,-85.87908000
-26.07946061,-316.64480000,-91.27476000
-26.03850061,-312.12810000,-85.87908000
-25.99754061,-316.64480000,-91.27476000
-25.95658061,-316.64480000,-87.67968000
-25.91562061,-325.70880000,-91.27476000
-25.87466061,-330.22550000,-94.86984000
-25.83370061,-325.70880000,-89.48027000
-25.79274061,-334.75750000,-93.07535000
-25.75178061,-334.75750000,-91.27476000
-25.71082061,-339.28950000,-91.27476000
-25.66986061,-343.80620000,-93.07535000
-25.62890061,-343.80620000,-89.48027000
-25.58794061,-352.87020000,-93.07535000
-25.54698061,-352.87020000,-96.67043000
-25.50602061,-352.87020000,-93.07535000
-25.46506061,-361.91900000,-98.47102000
-25.42410061,-357.38700000,-93.07535000
-25.38314061,-361.91900000,-96.67043000
-25.34218061,-366.45100000,-100.26550000
-25.30122061,-361.91900000,-93.07535000
-25.26026061,-380.03170000,-103.86060000
-25.21930061,-370.96770000,-94.86984000
-25.17834061,-384.54850000,-100.26550000
-25.13738061,-380.03170000,-98.47102000
-25.09642061,-380.03170000,-94.86984000
-25.05546061,-389.08040000,-107.46180000
-25.01450061,-380.03170000,-93.07535000
-24.97354061,-398.12920000,-105.66120000
-24.93258061,-389.08040000,-98.47102000
-24.89162061,-398.12920000,-100.26550000
-24.85066061,-398.12920000,-105.66120000
-24.80970062,-393.61250000,-98.47102000
-24.76874062,-398.12920000,-100.26550000
-24.72778062,-398.12920000,-98.47102000
-24.68682062,-407.19320000,-102.06610000
-24.64586062,-407.19320000,-103.86060000
-24.60490062,-407.19320000,-100.26550000
-24.56394062,-407.19320000,-103.86060000
-24.52298062,-407.19320000,-100.26550000
-24.48202062,-416.24190000,-103.86060000
-24.44106062,-416.24190000,-105.66120000
-24.40010062,-407.19320000,-103.86060000
-24.35914062,-411.70990000,-102.06610000
-24.31818062,-407.19320000,-102.06610000
-24.27722062,-411.70990000,-102.06610000
-24.23626062,-416.24190000,-103.86060000
-24.19530062,-411.70990000,-102.06610000
-24.15434062,-416.24190000,-105.66120000
-24.11338062,-407.19320000,-100.26550000
-24.07242062,-416.24190000,-102.06610000
-24.03146062,-411.70990000,-103.86060000
-23.99050062,-407.19320000,-100.26550000
-23.94954062,-407.19320000,-103.86060000
-23.90858062,-407.19320000,-98.47102000
-23.86762062,-407.19320000,-105.66120000
-23.82666062,-402.66120000,-100.26550000
-23.78570062,-398.12920000,-102.06610000
-23.74474062,-398.12920000,-103.86060000
-23.70378062,-393.61250000,-98.47102000
-23.66282062,-398.12920000,-103.86060000
-23.62186062,-384.54850000,-96.67043000
-23.58090062,-389.08040000,-102.06610000
-23.53994062,-380.03170000,-98.47102000
-23.49898062,-380.03170000,-98.47102000
-23.45802062,-380.03170000,-102.06610000
-23.41706062,-370.96770000,-93.07535000
-23.37610062,-370.96770000,-100.26550000
-23.33514062,-361.91900000,-94.86984000
-23.29418062,-361.91900000,-98.47102000
-23.25322062,-357.38700000,-96.67043000
-23.21226062,-352.87020000,-93.07535000
-23.17130063,-352.87020000,-98.47102000
-23.13034063,-343.80620000,-94.86984000
-23.08938063,-339.28950000,-93.07535000
-23.04842063,-334.75750000,-93.07535000
-23.00746063,-334.75750000,-94.86984000
-22.96650063,-325.70880000,-93.07535000
-22.92554063,-321.17680000,-94.86984000
-22.88458063,-316.64480000,-91.27476000
-22.84362063,-316.64480000,-91.27476000
-22.80266063,-307.59600000,-91.27476000
-22.76170063,-307.59600000,-89.48027000
-22.72074063,-298.54730000,-91.27476000
-22.67978063,-294.01530000,-89.48027000
-22.63882063,-289.48330000,-87.67968000
-22.59786063,-280.43460000,-82.28400000
-22.55690063,-280.43460000,-87.67968000
-22.51594063,-271.38580000,-85.87908000
-22.47498063,-271.38580000,-85.87908000
-22.43402063,-257.80510000,-84.08459000
-22.39306063,-257.80510000,-84.08459000
-22.35210063,-253.27310000,-84.08459000
-22.31114063,-244.22430000,-80.48952000
-22.27018063,-244.22430000,-84.08459000
-22.22922063,-230.64360000,-78.68892000
-22.18826063,-235.17560000,-80.48952000
-22.14730063,-226.11160000,-82.28400000
-22.10634063,-221.59490000,-76.88834000
-22.06538063,-217.06290000,-80.48952000
-22.02442063,-208.01410000,-76.88834000
-21.98346063,-208.01410000,-76.88834000
-21.94250063,-203.48210000,-76.88834000
-21.90154063,-198.95010000,-71.49266000
-21.86058063,-198.95010000,-76.88834000
-21.81962063,-189.90140000,-71.49266000
-21.77866063,-185.36940000,-71.49266000
-21.73770063,-176.32070000,-66.10309000
-21.69674063,-171.78870000,-69.69817000
-21.65578063,-171.78870000,-71.49266000
-21.61482063,-167.27190000,-69.69817000
-21.57386063,-158.20790000,-62.50190000
-21.53290064,-162.73990000,-69.69817000
-21.49194064,-153.69120000,-64.30250000
-21.45098064,-153.69120000,-64.30250000
-21.41002064,-144.62720000,-64.30250000
-21.36906064,-135.57850000,-60.70742000
-21.32810064,-135.57850000,-64.30250000
-21.28714064,-126.52970000,-57.11234000
-21.24618064,-131.04650000,-58.90683000
-21.20522064,-126.52970000,-62.50190000
-21.16426064,-108.41700000,-49.91607000
-21.12330064,-117.48100000,-62.50190000
-21.08234064,-99.36826000,-48.12158000
-21.04138064,-117.48100000,-62.50190000
-21.00042064,-90.31953000,-48.12158000
-20.95946064,-99.36826000,-53.51115000
-20.91850064,-94.83626000,-53.51115000
-20.87754064,-81.25553000,-44.52040000
-20.83658064,-90.31953000,-55.31175000
-20.79562064,-72.20679000,-40.92532000
-20.75466064,-81.25553000,-48.12158000
-20.71370064,-63.15805000,-42.72591000
-20.67274064,-67.67479000,-44.52040000
-20.63178064,-63.15805000,-40.92532000
-20.59082064,-58.62605000,-39.13083000
-20.54986064,-58.62605000,-42.72591000
-20.50890064,-45.04532000,-35.52965000
-20.46794064,-49.57732000,-39.13083000
-20.42698064,-40.51332000,-35.52965000
-20.38602064,-40.51332000,-33.73516000
-20.34506064,-40.51332000,-37.33024000
-20.30410064,-26.93258000,-26.53890000
-20.26314064,-35.99658000,-39.13083000
-20.22218064,-17.88385000,-24.74441000
-20.18122064,-26.93258000,-35.52965000
-20.14026064,-8.83510900,-19.34873000
-20.09930064,-26.93258000,-33.73516000
-20.05834064,0.22888880,-19.34873000
-20.01738064,-17.88385000,-31.93457000
-19.97642064,9.27762600,-15.75365000
-19.93546064,-8.83510900,-26.53890000
-19.89450065,9.27762600,-19.34873000
-19.85354065,9.27762600,-19.34873000
-19.81258065,9.27762600,-22.94382000
-19.77162065,18.32636000,-10.35798000
-19.73066065,9.27762600,-24.74441000
-19.68970065,27.37510000,-6.76290100
-19.64874065,18.32636000,-17.54814000
-19.60778065,27.37510000,-12.15247000
-19.56682065,36.42384000,-4.96230900
-19.52586065,27.37510000,-15.75365000
-19.48490065,45.47258000,-1.36722900
-19.44394065,36.42384000,-12.15247000
-19.40298065,50.00458000,-4.96230900
-19.36202065,50.00458000,-1.36722900
-19.32106065,45.47258000,-8.55739000
-19.28010065,63.58531000,5.82293100
-19.23914065,54.52132000,-4.96230900
-19.19818065,72.63405000,7.61742000
-19.15722065,63.58531000,-1.36722900
-19.11626065,72.63405000,7.61742000
-19.07530065,72.63405000,4.02233900
-19.03434065,77.16605000,7.61742000
-18.99338065,77.16605000,5.82293100
-18.95242065,86.21478000,9.41801200
-18.91146065,86.21478000,9.41801200
-18.87050065,86.21478000,9.41801200
-18.82954065,95.26352000,14.81368000
-18.78858065,90.74679000,9.41801200
-18.74762065,99.79552000,16.60817000
-18.70666065,99.79552000,16.60817000
-18.66570065,108.84430000,20.20936000
-18.62474065,108.84430000,16.60817000
-18.58378065,108.84430000,20.20936000
-18.54282065,117.90830000,23.80444000
-18.50186065,113.37630000,20.20936000
-18.46090065,117.90830000,23.80444000
-18.41994065,117.90830000,23.80444000
-18.37898065,126.95700000,29.20011000
-18.33802065,122.42500000,23.80444000
-18.29706065,136.00570000,29.20011000
-18.25610065,136.00570000,32.79519000
-18.21514066,136.00570000,27.39952000
-18.17418066,145.06970000,38.19086000
-18.13322066,136.00570000,29.20011000
-18.09226066,154.11850000,39.98535000
-18.05130066,145.06970000,32.79519000
-18.01034066,154.11850000,38.19086000
-17.96938066,158.65050000,41.78594000
-17.92842066,158.65050000,36.39027000
-17.88746066,167.69920000,47.18161000
-17.84650066,163.16720000,39.98535000
-17.80554066,172.23120000,45.38102000
-17.76458066,172.23120000,45.38102000
-17.72362066,176.74790000,45.38102000
-17.68266066,181.27990000,47.18161000
-17.64170066,181.27990000,48.97610000
-17.60074066,190.32870000,50.77670000
-17.55978066,190.32870000,52.57729000
-17.51882066,190.32870000,50.77670000
-17.47786066,194.86070000,54.37177000
-17.43690066,199.37740000,56.17237000
-17.39594066,203.90940000,54.37177000
-17.35498066,208.44140000,57.96685000
-17.31402066,208.44140000,57.96685000
-17.27306066,208.44140000,57.96685000
-17.23210066,217.49010000,59.76745000
-17.19114066,217.49010000,59.76745000
-17.15018066,226.53890000,65.16312000
-17.10922066,217.49010000,59.76745000
-17.06826066,226.53890000,66.95761000
-17.02730066,226.53890000,65.16312000
-16.98634066,235.60290000,66.95761000
-16.94538066,235.60290000,66.95761000
-16.90442066,244.65160000,66.95761000
-16.86346066,244.65160000,72.35329000
-16.82250066,244.65160000,68.75820000
-16.78154066,253.70040000,70.55879000
-16.74058066,253.70040000,70.55879000
-16.69962066,262.76430000,74.15387000
-16.65866066,262.76430000,74.15387000
-16.61770066,262.76430000,74.15387000
-16.57674067,267.28110000,77.74895000
-16.53578067,267.28110000,74.15387000
-16.49482067,280.86180000,81.34403000
-16.45386067,276.34510000,77.74895000
-16.41290067,280.86180000,81.34403000
-16.37194067,280.86180000,81.34403000
-16.33098067,285.39380000,79.54955000
-16.29002067,294.44260000,83.14462000
-16.24906067,294.44260000,81.34403000
-16.20810067,298.97450000,81.34403000
-16.16714067,298.97450000,84.94522000
-16.12618067,303.50660000,81.34403000
-16.08522067,308.02330000,84.94522000
-16.04426067,308.02330000,86.73971000
-16.00330067,312.55530000,86.73971000
-15.96234067,317.08730000,88.54030000
-15.92138067,317.08730000,86.73971000
-15.88042067,326.13600000,88.54030000
-15.83946067,326.13600000,90.33479000
-15.79850067,326.13600000,86.73971000
-15.75754067,335.18480000,92.13538000
-15.71658067,335.18480000,88.54030000
-15.67562067,339.71680000,92.13538000
-15.63466067,344.23350000,92.13538000
-15.59370067,344.23350000,92.13538000
-15.55274067,348.76550000,93.93597000
-15.51178067,353.29750000,93.93597000
-15.47082067,357.81420000,92.13538000
-15.42986067,362.34630000,95.73045000
-15.38890067,362.34630000,95.73045000
-15.34794067,366.87820000,95.73045000
-15.30698067,371.39500000,95.73045000
-15.26602067,371.39500000,95.73045000
-15.22506067,375.92700000,99.32554000
-15.18410067,375.92700000,95.73045000
-15.14314067,380.45900000,99.32554000
-15.10218067,380.45900000,99.32554000
-15.06122067,380.45900000,95.73045000
-15.02026067,389.50770000,101.12610000
-14.97930067,389.50770000,97.53105000
-14.93834068,394.03970000,101.12610000
-14.89738068,394.03970000,101.12610000
-14.85642068,398.55650000,97.53105000
-14.81546068,398.55650000,99.32554000
-14.77450068,398.55650000,101.12610000
-14.73354068,403.08850000,99.32554000
-14.69258068,407.62040000,102.92670000
-14.65162068,403.08850000,99.32554000
-14.61066068,407.62040000,101.12610000
-14.56970068,412.13720000,102.92670000
-14.52874068,407.62040000,101.12610000
-14.48778068,407.62040000,102.92670000
-14.44682068,407.62040000,99.32554000
-14.40586068,412.13720000,101.12610000
-14.36490068,412.13720000,101.12610000
-14.32394068,407.62040000,99.32554000
-14.28298068,412.13720000,101.12610000
-14.24202068,407.62040000,99.32554000
-14.20106068,416.66920000,102.92670000
-14.16010068,412.13720000,101.12610000
-14.11914068,412.13720000,99.32554000
-14.07818068,407.62040000,101.12610000
-14.03722068,407.62040000,101.12610000
-13.99626068,407.62040000,101.12610000
-13.95530068,407.62040000,101.12610000
-13.91434068,407.62040000,102.92670000
-13.87338068,407.62040000,99.32554000
-13.83242068,403.08850000,99.32554000
-13.79146068,398.55650000,99.32554000
-13.75050068,398.55650000,99.32554000
-13.70954068,398.55650000,101.12610000
-13.66858068,394.03970000,95.73045000
-13.62762068,389.50770000,102.92670000
-13.58666068,389.50770000,95.73045000
-13.54570068,380.45900000,95.73045000
-13.50474068,384.97570000,99.32554000
-13.46378068,375.92700000,95.73045000
-13.42282068,375.92700000,97.53105000
-13.38186068,371.39500000,95.73045000
-13.34090068,371.39500000,95.73045000
-13.29994069,362.34630000,95.73045000
-13.25898069,357.81420000,93.93597000
-13.21802069,353.29750000,95.73045000
-13.17706069,353.29750000,95.73045000
-13.13610069,344.23350000,92.13538000
-13.09514069,344.23350000,95.73045000
-13.05418069,335.18480000,93.93597000
-13.01322069,335.18480000,92.13538000
-12.97226069,326.13600000,93.93597000
-12.93130069,321.60400000,88.54030000
-12.89034069,321.60400000,92.13538000
-12.84938069,312.55530000,90.33479000
-12.80842069,308.02330000,90.33479000
-12.76746069,303.50660000,90.33479000
-12.72650069,298.97450000,86.73971000
-12.68554069,294.44260000,88.54030000
-12.64458069,289.92580000,88.54030000
-12.60362069,285.39380000,86.73971000
-12.56266069,280.86180000,86.73971000
-12.52170069,271.81310000,81.34403000
-12.48074069,267.28110000,84.94522000
-12.43978069,262.76430000,84.94522000
-12.39882069,258.23230000,81.34403000
-12.35786069,253.70040000,81.34403000
-12.31690069,253.70040000,81.34403000
-12.27594069,244.65160000,81.34403000
-12.23498069,240.11960000,81.34403000
-12.19402069,231.07090000,79.54955000
-12.15306069,226.53890000,77.74895000
-12.11210069,222.02210000,79.54955000
-12.07114069,217.49010000,75.94836000
-12.03018069,212.95810000,77.74895000
-11.98922069,208.44140000,74.15387000
-11.94826069,208.44140000,74.15387000
-11.90730069,199.37740000,75.94836000
-11.86634069,190.32870000,70.55879000
-11.82538069,190.32870000,70.55879000
-11.78442069,190.32870000,72.35329000
-11.74346069,181.27990000,66.95761000
-11.70250069,181.27990000,74.15387000
-11.66154070,172.23120000,61.56804000
-11.62058070,172.23120000,66.95761000
-11.57962070,163.16720000,66.95761000
-11.53866070,154.11850000,59.76745000
-11.49770070,158.65050000,66.95761000
-11.45674070,145.06970000,61.56804000
-11.41578070,145.06970000,59.76745000
-11.37482070,145.06970000,66.95761000
-11.33386070,122.42500000,50.77670000
-11.29290070,145.06970000,70.55879000
-11.25194070,117.90830000,52.57729000
-11.21098070,126.95700000,59.76745000
-11.17002070,117.90830000,57.96685000
-11.12906070,113.37630000,50.77670000
-11.08810070,117.90830000,63.36253000
-11.04714070,90.74679000,43.58654000
-11.00618070,108.84430000,59.76745000
-10.96522070,90.74679000,45.38102000
-10.92426070,99.79552000,52.57729000
-10.88330070,86.21478000,48.97610000
-10.84234070,81.68279000,43.58654000
-10.80138070,81.68279000,48.97610000
-10.76042070,72.63405000,39.98535000
-10.71946070,72.63405000,47.18161000
-10.67850070,68.10205000,43.58654000
-10.63754070,68.10205000,41.78594000
-10.59658070,63.58531000,41.78594000
-10.55562070,54.52132000,38.19086000
-10.51466070,54.52132000,39.98535000
-10.47370070,45.47258000,34.58968000
-10.43274070,50.00458000,39.98535000
-10.39178070,36.42384000,30.99460000
-10.35082070,40.94057000,38.19086000
-10.30986070,27.37510000,27.39952000
-10.26890070,36.42384000,32.79519000
-10.22794070,22.85836000,25.59892000
-10.18698070,27.37510000,30.99460000
-10.14602070,13.80962000,23.80444000
-10.10506070,18.32636000,27.39952000
-10.06410070,9.27762600,25.59892000
-10.02314071,0.22888880,20.20936000
-9.98218071,9.27762600,27.39952000
-9.94122071,-8.83510900,16.60817000
-9.90026071,4.74562800,27.39952000
-9.85930071,-8.83510900,14.81368000
-9.81834071,-8.83510900,14.81368000
-9.77738071,-13.35185000,18.40877000
-9.73642071,-22.41584000,13.01309000
-9.69546071,-17.88385000,20.20936000
-9.65450071,-35.99658000,7.61742000
-9.61354071,-26.93258000,13.01309000
-9.57258071,-35.99658000,9.41801200
-9.53162071,-35.99658000,5.82293100
-9.49066071,-40.51332000,9.41801200
-9.44970071,-45.04532000,0.43336280
-9.40874071,-40.51332000,7.61742000
-9.36778071,-54.09406000,2.22785100
-9.32682071,-49.57732000,2.22785100
-9.28586071,-54.09406000,2.22785100
-9.24490071,-58.62605000,-1.36722900
-9.20394071,-63.15805000,-1.36722900
-9.16298071,-63.15805000,-4.96230900
-9.12202071,-67.67479000,-3.16171700
-9.08106071,-72.20679000,-6.76290100
-9.04010071,-76.73878000,-4.96230900
-8.99914071,-81.25553000,-12.15247000
-8.95818071,-76.73878000,-8.55739000
-8.91722071,-90.31953000,-13.95306000
-8.87626071,-81.25553000,-12.15247000
-8.83530071,-90.31953000,-15.75365000
-8.79434071,-94.83626000,-13.95306000
-8.75338071,-94.83626000,-15.75365000
-8.71242071,-99.36826000,-19.34873000
-8.67146071,-99.36826000,-17.54814000
-8.63050071,-108.41700000,-19.34873000
-8.58954071,-108.41700000,-17.54814000
-8.54858071,-117.48100000,-22.94382000
-8.50762071,-117.48100000,-24.74441000
-8.46666071,-117.48100000,-24.74441000
-8.42570071,-121.99770000,-26.53890000
-8.38474071,-121.99770000,-19.34873000
-8.34378072,-135.57850000,-33.73516000
-8.30282072,-131.04650000,-26.53890000
-8.26186072,-135.57850000,-33.73516000
-8.22090072,-135.57850000,-31.93457000
-8.17994072,-140.11050000,-33.73516000
-8.13898072,-149.15920000,-40.92532000
-8.09802072,-140.11050000,-33.73516000
-8.05706072,-153.69120000,-40.92532000
-8.01610072,-153.69120000,-35.52965000
-7.97514072,-158.20790000,-40.92532000
-7.93418072,-162.73990000,-40.92532000
-7.89322072,-162.73990000,-40.92532000
-7.85226072,-167.27190000,-44.52040000
-7.81130072,-167.27190000,-44.52040000
-7.77034072,-171.78870000,-46.32100000
-7.72938072,-180.85270000,-48.12158000
-7.68842072,-180.85270000,-48.12158000
-7.64746072,-185.36940000,-49.91607000
-7.60650072,-185.36940000,-53.51115000
-7.56554072,-185.36940000,-51.71666000
-7.52458072,-189.90140000,-48.12158000
-7.48362072,-198.95010000,-55.31175000
-7.44266072,-198.95010000,-57.11234000
-7.40170072,-203.48210000,-58.90683000
-7.36074072,-203.48210000,-55.31175000
-7.31978072,-208.01410000,-60.70742000
-7.27882072,-208.01410000,-60.70742000
-7.23786072,-217.06290000,-62.50190000
-7.19690072,-217.06290000,-62.50190000
-7.15594072,-217.06290000,-62.50190000
-7.11498072,-226.11160000,-64.30250000
-7.07402072,-226.11160000,-64.30250000
-7.03306072,-230.64360000,-67.89758000
-6.99210072,-235.17560000,-66.10309000
-6.95114072,-239.69240000,-69.69817000
-6.91018072,-239.69240000,-67.89758000
-6.86922072,-244.22430000,-73.29325000
-6.82826072,-244.22430000,-71.49266000
-6.78730072,-248.75630000,-69.69817000
-6.74634072,-253.27310000,-73.29325000
-6.70538073,-253.27310000,-71.49266000
-6.66442073,-262.33710000,-76.88834000
-6.62346073,-262.33710000,-75.09385000
-6.58250073,-266.85380000,-76.88834000
-6.54154073,-271.38580000,-78.68892000
-6.50058073,-271.38580000,-76.88834000
-6.45962073,-280.43460000,-84.08459000
-6.41866073,-280.43460000,-78.68892000
-6.37770073,-280.43460000,-80.48952000
-6.33674073,-289.48330000,-84.08459000
-6.29578073,-289.48330000,-82.28400000
-6.25482073,-298.54730000,-84.08459000
-6.21386073,-298.54730000,-84.08459000
-6.17290073,-298.54730000,-84.08459000
-6.13194073,-307.59600000,-85.87908000
-6.09098073,-307.59600000,-85.87908000
-6.05002073,-312.12810000,-85.87908000
-6.00906073,-316.64480000,-87.67968000
-5.96810073,-316.64480000,-87.67968000
-5.92714073,-316.64480000,-89.48027000
-5.88618073,-325.70880000,-91.27476000
-5.84522073,-325.70880000,-91.27476000
-5.80426073,-330.22550000,-91.27476000
-5.76330073,-334.75750000,-91.27476000
-5.72234073,-339.28950000,-94.86984000
-5.68138073,-334.75750000,-91.27476000
-5.64042073,-343.80620000,-93.07535000
-5.59946073,-348.33830000,-93.07535000
-5.55850073,-352.87020000,-96.67043000
-5.51754073,-352.87020000,-94.86984000
-5.47658073,-352.87020000,-94.86984000
-5.43562073,-357.38700000,-96.67043000
-5.39466073,-361.91900000,-94.86984000
-5.35370073,-370.96770000,-100.26550000
-5.31274073,-361.91900000,-93.07535000
-5.27178073,-370.96770000,-100.26550000
-5.23082073,-370.96770000,-96.67043000
-5.18986073,-380.03170000,-98.47102000
-5.14890073,-380.03170000,-98.47102000
-5.10794073,-380.03170000,-96.67043000
-5.06698074,-389.08040000,-103.86060000
-5.02602074,-380.03170000,-96.67043000
-4.98506074,-389.08040000,-102.06610000
-4.94410074,-389.08040000,-100.26550000
-4.90314074,-389.08040000,-98.47102000
-4.86218074,-402.66120000,-105.66120000
-4.82122074,-398.12920000,-100.26550000
-4.78026074,-402.66120000,-103.86060000
-4.73930074,-398.12920000,-100.26550000
-4.69834074,-402.66120000,-100.26550000
-4.65738074,-407.19320000,-105.66120000
-4.61642074,-407.19320000,-102.06610000
-4.57546074,-407.19320000,-102.06610000
-4.53450074,-407.19320000,-102.06610000
-4.49354074,-407.19320000,-98.47102000
-4.45258074,-411.70990000,-105.66120000
-4.41162074,-411.70990000,-103.86060000
-4.37066074,-407.19320000,-100.26550000
-4.32970074,-411.70990000,-105.66120000
-4.28874074,-407.19320000,-100.26550000
-4.24778074,-416.24190000,-105.66120000
-4.20682074,-411.70990000,-103.86060000
-4.16586074,-416.24190000,-102.06610000
-4.12490074,-411.70990000,-103.86060000
-4.08394074,-411.70990000,-102.06610000
-4.04298074,-416.24190000,-103.86060000
-4.00202074,-407.19320000,-98.47102000
-3.96106074,-411.70990000,-103.86060000
-3.92010074,-407.19320000,-102.06610000
-3.87914074,-407.19320000,-102.06610000
-3.83818074,-402.66120000,-98.47102000
-3.79722074,-402.66120000,-100.26550000
-3.75626074,-402.66120000,-103.86060000
-3.71530074,-393.61250000,-96.67043000
-3.67434074,-393.61250000,-102.06610000
-3.63338074,-389.08040000,-100.26550000
-3.59242074,-389.08040000,-98.47102000
-3.55146074,-384.54850000,-98.47102000
-3.51050074,-380.03170000,-96.67043000
-3.46954074,-380.03170000,-102.06610000
-3.42858075,-370.96770000,-96.67043000
-3.38762075,-370.96770000,-102.06610000
-3.34666075,-370.96770000,-98.47102000
-3.30570075,-366.45100000,-96.67043000
-3.26474075,-361.91900000,-98.47102000
-3.22378075,-352.87020000,-94.86984000
-3.18282075,-352.87020000,-94.86984000
-3.14186075,-348.33830000,-96.67043000
-3.10090075,-343.80620000,-94.86984000
-3.05994075,-339.28950000,-94.86984000
-3.01898075,-334.75750000,-94.86984000
-2.97802075,-325.70880000,-91.27476000
-2.93706075,-325.70880000,-96.67043000
-2.89610075,-316.64480000,-91.27476000
-2.85514075,-316.64480000,-91.27476000
-2.81418075,-312.12810000,-93.07535000
-2.77322075,-307.59600000,-87.67968000
-2.73226075,-298.54730000,-91.27476000
-2.69130075,-294.01530000,-87.67968000
-2.65034075,-294.01530000,-91.27476000
-2.60938075,-289.48330000,-89.48027000
-2.56842075,-280.43460000,-87.67968000
-2.52746075,-280.43460000,-89.48027000
-2.48650075,-271.38580000,-85.87908000
-2.44554075,-262.33710000,-85.87908000
-2.40458075,-257.80510000,-84.08459000
-2.36362075,-253.27310000,-84.08459000
-2.32266075,-248.75630000,-84.08459000
-2.28170075,-248.75630000,-84.08459000
-2.24074075,-239.69240000,-78.68892000
-2.19978075,-235.17560000,-80.48952000
-2.15882075,-230.64360000,-82.28400000
-2.11786075,-221.59490000,-76.88834000
-2.07690075,-221.59490000,-78.68892000
-2.03594075,-217.06290000,-76.88834000
-1.99498075,-212.53090000,-76.88834000
-1.95402075,-203.48210000,-76.88834000
-1.91306075,-198.95010000,-73.29325000
-1.87210075,-198.95010000,-75.09385000
-1.83114075,-189.90140000,-75.09385000
-1.79018076,-185.36940000,-69.69817000
-1.74922076,-180.85270000,-71.49266000
-1.70826076,-176.32070000,-71.49266000
-1.66730076,-176.32070000,-69.69817000
-1.62634076,-171.78870000,-69.69817000
-1.58538076,-162.73990000,-64.30250000
-1.54442076,-162.73990000,-67.89758000
-1.50346076,-153.69120000,-66.10309000
-1.46250076,-153.69120000,-62.50190000
-1.42154076,-153.69120000,-66.10309000
-1.38058076,-135.57850000,-57.11234000
-1.33962076,-144.62720000,-66.10309000
-1.29866076,-126.52970000,-57.11234000
-1.25770076,-126.52970000,-57.11234000
-1.21674076,-126.52970000,-64.30250000
-1.17578076,-112.94900000,-49.91607000
-1.13482076,-126.52970000,-67.89758000
-1.09386076,-99.36826000,-48.12158000
-1.05290076,-112.94900000,-58.90683000
-1.01194076,-99.36826000,-51.71666000
-0.97098076,-94.83626000,-48.12158000
-0.93002076,-99.36826000,-55.31175000
-0.88906076,-81.25553000,-44.52040000
-0.84810076,-94.83626000,-57.11234000
-0.80714076,-76.73878000,-42.72591000
-0.76618076,-81.25553000,-49.91607000
-0.72522076,-72.20679000,-42.72591000
-0.68426076,-72.20679000,-46.32100000
-0.64330076,-72.20679000,-46.32100000
-0.60234076,-58.62605000,-39.13083000
-0.56138076,-58.62605000,-42.72591000
-0.52042076,-54.09406000,-37.33024000
-0.47946076,-54.09406000,-40.92532000
-0.43850076,-45.04532000,-35.52965000
-0.39754076,-45.04532000,-35.52965000
-0.35658076,-40.51332000,-35.52965000
-0.31562076,-35.99658000,-30.13398000
-0.27466076,-35.99658000,-37.33024000
-0.23370076,-26.93258000,-30.13398000
-0.19274076,-26.93258000,-31.93457000
-0.15178077,-17.88385000,-24.74441000
-0.11082077,-22.41584000,-31.93457000
-0.06986077,-8.83510900,-22.94382000
-0.02890077,-17.88385000,-30.13398000
0.01205923,0.22888880,-19.34873000
0.05301923,-4.30311000,-24.74441000
0.09397923,4.74562800,-19.34873000
0.13493923,9.27762600,-19.34873000
0.17589923,9.27762600,-22.94382000
0.21685923,18.32636000,-12.15247000
0.25781923,9.27762600,-21.14322000
0.29877923,27.37510000,-8.55739000
0.33973923,18.32636000,-19.34873000
0.38069923,27.37510000,-12.15247000
0.42165923,36.42384000,-4.96230900
0.46261923,27.37510000,-13.95306000
0.50357923,45.47258000,-4.96230900
0.54453923,36.42384000,-6.76290100
0.58549923,40.94057000,-4.96230900
0.62645923,45.47258000,-4.96230900
0.66741923,45.47258000,-8.55739000
0.70837923,63.58531000,2.22785100
0.74933923,59.05331000,-1.36722900
0.79029923,63.58531000,0.43336280
0.83125923,63.58531000,2.22785100
0.87221923,68.10205000,2.22785100
0.91317923,72.63405000,5.82293100
0.95413923,72.63405000,5.82293100
0.99509923,77.16605000,7.61742000
1.03605923,81.68279000,9.41801200
1.07701923,81.68279000,9.41801200
1.11797923,86.21478000,9.41801200
1.15893923,90.74679000,13.01309000
1.19989923,90.74679000,11.21860000
1.24085923,99.79552000,16.60817000
1.28181923,99.79552000,13.01309000
1.32277923,104.32750000,16.60817000
1.36373923,104.32750000,16.60817000
1.40469923,108.84430000,20.20936000
1.44565923,108.84430000,22.00385000
1.48661923,113.37630000,22.00385000
1.52757922,117.90830000,30.99460000
1.56853922,117.90830000,23.80444000
1.60949922,122.42500000,27.39952000
1.65045922,122.42500000,25.59892000
1.69141922,131.48900000,30.99460000
1.73237922,131.48900000,29.20011000
1.77333922,136.00570000,29.20011000
1.81429922,140.53770000,34.58968000
1.85525922,140.53770000,30.99460000
1.89621922,149.58650000,38.19086000
1.93717922,145.06970000,34.58968000
1.97813922,154.11850000,38.19086000
2.01909922,158.65050000,41.78594000
2.06005922,154.11850000,38.19086000
2.10101922,163.16720000,39.98535000
2.14197922,163.16720000,38.19086000
2.18293922,172.23120000,45.38102000
2.22389922,172.23120000,45.38102000
2.26485922,172.23120000,45.38102000
2.30581922,176.74790000,47.18161000
2.34677922,181.27990000,50.77670000
2.38773922,181.27990000,45.38102000
2.42869922,190.32870000,50.77670000
2.46965922,190.32870000,50.77670000
2.51061922,194.86070000,52.57729000
2.55157922,194.86070000,54.37177000
2.59253922,199.37740000,54.37177000
2.63349922,203.90940000,57.96685000
2.67445922,208.44140000,56.17237000
2.71541922,208.44140000,59.76745000
2.75637922,208.44140000,59.76745000
2.79733922,217.49010000,59.76745000
2.83829922,222.02210000,63.36253000
2.87925922,222.02210000,61.56804000
2.92021922,226.53890000,63.36253000
2.96117922,226.53890000,63.36253000
3.00213922,235.60290000,66.95761000
3.04309922,235.60290000,65.16312000
3.08405922,235.60290000,66.95761000
3.12501922,244.65160000,72.35329000
3.16597921,244.65160000,66.95761000
3.20693921,249.18360000,70.55879000
3.24789921,249.18360000,68.75820000
3.28885921,253.70040000,70.55879000
3.32981921,258.23230000,72.35329000
3.37077921,262.76430000,72.35329000
3.41173921,262.76430000,77.74895000
3.45269921,262.76430000,74.15387000
3.49365921,271.81310000,77.74895000
3.53461921,271.81310000,75.94836000
3.57557921,280.86180000,79.54955000
3.61653921,280.86180000,83.14462000
3.65749921,285.39380000,79.54955000
3.69845921,289.92580000,81.34403000
3.73941921,289.92580000,79.54955000
3.78037921,294.44260000,81.34403000
3.82133921,298.97450000,86.73971000
3.86229921,298.97450000,81.34403000
3.90325921,303.50660000,83.14462000
3.94421921,308.02330000,86.73971000
3.98517921,308.02330000,84.94522000
4.02613921,317.08730000,86.73971000
4.06709921,317.08730000,88.54030000
4.10805921,326.13600000,88.54030000
4.14901921,326.13600000,88.54030000
4.18997921,326.13600000,88.54030000
4.23093921,335.18480000,90.33479000
4.27189921,335.18480000,90.33479000
4.31285921,339.71680000,92.13538000
4.35381921,339.71680000,92.13538000
4.39477921,344.23350000,92.13538000
4.43573921,353.29750000,93.93597000
4.47669921,353.29750000,95.73045000
4.51765921,353.29750000,95.73045000
4.55861921,353.29750000,92.13538000
4.59957921,362.34630000,95.73045000
4.64053921,362.34630000,95.73045000
4.68149921,371.39500000,95.73045000
4.72245921,371.39500000,99.32554000
4.76341921,371.39500000,95.73045000
4.80437920,375.92700000,99.32554000
4.84533920,380.45900000,95.73045000
4.88629920,380.45900000,97.53105000
4.92725920,380.45900000,97.53105000
4.96821920,384.97570000,95.73045000
5.00917920,389.50770000,101.12610000
5.05013920,389.50770000,97.53105000
5.09109920,394.03970000,99.32554000
5.13205920,394.03970000,101.12610000
5.17301920,394.03970000,97.53105000
5.21397920,398.55650000,102.92670000
5.25493920,398.55650000,97.53105000
5.29589920,407.62040000,104.72120000
5.33685920,398.55650000,99.32554000
5.37781920,403.08850000,97.53105000
5.41877920,412.13720000,102.92670000
5.45973920,407.62040000,97.53105000
5.50069920,412.13720000,102.92670000
5.54165920,407.62040000,99.32554000
5.58261920,412.13720000,102.92670000
5.62357920,412.13720000,102.92670000
5.66453920,407.62040000,97.53105000
5.70549920,412.13720000,102.92670000
5.74645920,412.13720000,101.12610000
5.78741920,412.13720000,99.32554000
5.82837920,412.13720000,102.92670000
5.86933920,412.13720000,101.12610000
5.91029920,412.13720000,101.12610000
5.95125920,407.62040000,101.12610000
5.99221920,407.62040000,99.32554000
6.03317920,407.62040000,101.12610000
6.07413920,407.62040000,101.12610000
6.11509920,407.62040000,101.12610000
6.15605920,407.62040000,99.32554000
6.19701920,398.55650000,99.32554000
6.23797920,398.55650000,101.12610000
6.27893920,398.55650000,97.53105000
6.31989920,398.55650000,99.32554000
6.36085920,394.03970000,99.32554000
6.40181920,394.03970000,99.32554000
6.44277919,389.50770000,99.32554000
6.48373919,380.45900000,97.53105000
6.52469919,380.45900000,97.53105000
6.56565919,375.92700000,95.73045000
6.60661919,375.92700000,99.32554000
6.64757919,371.39500000,97.53105000
6.68853919,366.87820000,97.53105000
6.72949919,362.34630000,95.73045000
6.77045919,353.29750000,92.13538000
6.81141919,357.81420000,97.53105000
6.85237919,344.23350000,92.13538000
6.89333919,348.76550000,95.73045000
6.93429919,339.71680000,92.13538000
6.97525919,335.18480000,90.33479000
7.01621919,335.18480000,93.93597000
7.05717919,326.13600000,90.33479000
7.09813919,321.60400000,93.93597000
7.13909919,312.55530000,88.54030000
7.18005919,308.02330000,88.54030000
7.22101919,308.02330000,90.33479000
7.26197919,303.50660000,88.54030000
7.30293919,298.97450000,88.54030000
7.34389919,289.92580000,88.54030000
7.38485919,280.86180000,86.73971000
7.42581919,280.86180000,84.94522000
7.46677919,276.34510000,86.73971000
7.50773919,271.81310000,86.73971000
7.54869919,262.76430000,84.94522000
7.58965919,262.76430000,84.94522000
7.63061919,262.76430000,83.14462000
7.67157919,253.70040000,81.34403000
7.71253919,244.65160000,81.34403000
7.75349919,240.11960000,77.74895000
7.79445919,235.60290000,79.54955000
7.83541919,226.53890000,79.54955000
7.87637919,226.53890000,79.54955000
7.91733919,222.02210000,77.74895000
7.95829919,217.49010000,75.94836000
7.99925919,208.44140000,77.74895000
8.04021919,208.44140000,72.35329000
8.08117918,199.37740000,74.15387000
8.12213918,199.37740000,74.15387000
8.16309918,190.32870000,72.35329000
8.20405918,190.32870000,72.35329000
8.24501918,181.27990000,68.75820000
8.28597918,181.27990000,68.75820000
8.32693918,172.23120000,70.55879000
8.36789918,172.23120000,66.95761000
8.40885918,163.16720000,66.95761000
8.44981918,158.65050000,63.36253000
8.49077918,158.65050000,65.16312000
8.53173918,154.11850000,65.16312000
8.57269918,145.06970000,61.56804000
8.61365918,140.53770000,59.76745000
8.65461918,136.00570000,61.56804000
8.69557918,131.48900000,57.96685000
8.73653918,131.48900000,61.56804000
8.77749918,122.42500000,57.96685000
8.81845918,117.90830000,57.96685000
8.85941918,117.90830000,57.96685000
8.90037918,113.37630000,52.57729000
8.94133918,113.37630000,57.96685000
8.98229918,99.79552000,50.77670000
9.02325918,99.79552000,50.77670000
9.06421918,99.79552000,54.37177000
9.10517918,81.68279000,41.78594000
9.14613918,99.79552000,56.17237000
9.18709918,72.63405000,38.19086000
9.22805918,86.21478000,48.97610000
9.26901918,72.63405000,41.78594000
9.30997918,72.63405000,41.78594000
9.35093918,68.10205000,48.97610000
9.39189918,54.52132000,32.79519000
9.43285918,68.10205000,48.97610000
9.47381918,45.47258000,32.79519000
9.51477918,54.52132000,43.58654000
9.55573918,40.94057000,30.99460000
9.59669918,45.47258000,38.19086000
9.63765918,36.42384000,32.79519000
9.67861918,36.42384000,34.58968000
9.71957917,27.37510000,30.99460000
9.76053917,27.37510000,32.79519000
9.80149917,18.32636000,27.39952000
9.84245917,27.37510000,30.99460000
9.88341917,13.80962000,23.80444000
9.92437917,13.80962000,27.39952000
9.96533917,9.27762600,22.00385000
10.00629917,9.27762600,23.80444000
10.04725917,0.22888880,18.40877000
10.08821917,0.22888880,23.80444000
10.12917917,-8.83510900,16.60817000
10.17013917,-8.83510900,22.00385000
10.21109917,-17.88385000,13.01309000
10.25205917,-8.83510900,22.00385000
10.29301917,-26.93258000,7.61742000
10.33397917,-17.88385000,16.60817000
10.37493917,-31.46458000,9.41801200
10.41589917,-26.93258000,7.61742000
10.45685917,-35.99658000,11.21860000
10.49781917,-40.51332000,2.22785100
10.53877917,-31.46458000,14.81368000
10.57973917,-54.09406000,-3.16171700
10.62069917,-40.51332000,11.21860000
10.66165917,-58.62605000,-3.16171700
10.70261917,-49.57732000,2.22785100
10.74357917,-58.62605000,0.43336280
10.78453917,-63.15805000,-4.96230900
10.82549917,-63.15805000,-1.36722900
10.86645917,-67.67479000,-4.96230900
10.90741917,-72.20679000,-6.76290100
10.94837917,-72.20679000,-4.96230900
10.98933917,-81.25553000,-10.35798000
11.03029917,-81.25553000,-8.55739000
11.07125917,-81.25553000,-10.35798000
11.11221917,-85.78752000,-12.15247000
11.15317917,-90.31953000,-12.15247000
11.19413917,-94.83626000,-13.95306000
11.23509917,-94.83626000,-15.75365000
11.27605917,-99.36826000,-15.75365000
11.31701917,-99.36826000,-19.34873000
11.35797917,-103.90030000,-19.34873000
11.39893916,-108.41700000,-22.94382000
11.43989916,-108.41700000,-21.14322000
11.48085916,-117.48100000,-24.74441000
11.52181916,-117.48100000,-24.74441000
11.56277916,-117.48100000,-22.94382000
11.60373916,-126.52970000,-30.13398000
11.64469916,-126.52970000,-28.33949000
11.68565916,-135.57850000,-30.13398000
11.72661916,-131.04650000,-28.33949000
11.76757916,-135.57850000,-33.73516000
11.80853916,-135.57850000,-33.73516000
11.84949916,-140.11050000,-33.73516000
11.89045916,-153.69120000,-39.13083000
11.93141916,-149.15920000,-35.52965000
11.97237916,-153.69120000,-40.92532000
12.01333916,-153.69120000,-37.33024000
12.05429916,-162.73990000,-40.92532000
12.09525916,-162.73990000,-44.52040000
12.13621916,-162.73990000,-40.92532000
12.17717916,-171.78870000,-46.32100000
12.21813916,-171.78870000,-46.32100000
12.25909916,-171.78870000,-48.12158000
12.30005916,-176.32070000,-48.12158000
12.34101916,-180.85270000,-48.12158000
12.38197916,-185.36940000,-53.51115000
12.42293916,-185.36940000,-49.91607000
12.46389916,-189.90140000,-53.51115000
12.50485916,-194.43340000,-55.31175000
12.54581916,-198.95010000,-55.31175000
12.58677916,-198.95010000,-55.31175000
12.62773916,-203.48210000,-58.90683000
12.66869916,-208.01410000,-57.11234000
12.70965916,-212.53090000,-62.50190000
12.75061916,-208.01410000,-57.11234000
12.79157916,-221.59490000,-66.10309000
12.83253916,-217.06290000,-62.50190000
12.87349916,-221.59490000,-62.50190000
12.91445916,-226.11160000,-66.10309000
12.95541916,-226.11160000,-64.30250000
12.99637916,-235.17560000,-64.30250000
13.03733915,-235.17560000,-66.10309000
13.07829915,-239.69240000,-69.69817000
13.11925915,-239.69240000,-69.69817000
13.16021915,-244.22430000,-69.69817000
13.20117915,-253.27310000,-71.49266000
13.24213915,-253.27310000,-75.09385000
13.28309915,-253.27310000,-73.29325000
13.32405915,-257.80510000,-73.29325000
13.36501915,-262.33710000,-75.09385000
13.40597915,-266.85380000,-76.88834000
13.44693915,-266.85380000,-76.88834000
13.48789915,-271.38580000,-80.48952000
13.52885915,-275.90260000,-78.68892000
13.56981915,-275.90260000,-80.48952000
13.61077915,-280.43460000,-76.88834000
13.65173915,-284.96660000,-84.08459000
13.69269915,-289.48330000,-84.08459000
13.73365915,-289.48330000,-84.08459000
13.77461915,-294.01530000,-80.48952000
13.81557915,-298.54730000,-84.08459000
13.85653915,-303.06400000,-84.08459000
13.89749915,-307.59600000,-85.87908000
13.93845915,-307.59600000,-84.08459000
13.97941915,-316.64480000,-87.67968000
14.02037915,-316.64480000,-87.67968000
14.06133915,-316.64480000,-89.48027000
14.10229915,-325.70880000,-91.27476000
14.14325915,-325.70880000,-87.67968000
14.18421915,-330.22550000,-91.27476000
14.22517915,-330.22550000,-91.27476000
14.26613915,-334.75750000,-91.27476000
14.30709915,-339.28950000,-93.07535000
14.34805915,-343.80620000,-91.27476000
14.38901915,-343.80620000,-94.86984000
14.42997915,-348.33830000,-93.07535000
14.47093915,-352.87020000,-94.86984000
14.51189915,-352.87020000,-94.86984000
14.55285915,-357.38700000,-94.86984000
14.59381915,-357.38700000,-98.47102000
14.63477915,-361.91900000,-96.67043000
14.67573914,-366.45100000,-96.67043000
14.71669914,-370.96770000,-96.67043000
14.75765914,-370.96770000,-98.47102000
14.79861914,-370.96770000,-98.47102000
14.83957914,-370.96770000,-98.47102000
14.88053914,-380.03170000,-98.47102000
14.92149914,-384.54850000,-98.47102000
14.96245914,-384.54850000,-98.47102000
15.00341914,-389.08040000,-100.26550000
15.04437914,-389.08040000,-98.47102000
15.08533914,-389.08040000,-98.47102000
15.12629914,-398.12920000,-100.26550000
15.16725914,-398.12920000,-103.86060000
15.20821914,-398.12920000,-100.26550000
15.24917914,-398.12920000,-98.47102000
15.29013914,-407.19320000,-103.86060000
15.33109914,-407.19320000,-100.26550000
15.37205914,-407.19320000,-102.06610000
15.41301914,-407.19320000,-103.86060000
15.45397914,-407.19320000,-102.06610000
15.49493914,-407.19320000,-105.66120000
15.53589914,-407.19320000,-100.26550000
15.57685914,-416.24190000,-105.66120000
15.61781914,-411.70990000,-103.86060000
15.65877914,-407.19320000,-98.47102000
15.69973914,-416.24190000,-105.66120000
15.74069914,-407.19320000,-102.06610000
15.78165914,-416.24190000,-105.66120000
15.82261914,-407.19320000,-100.26550000
15.86357914,-416.24190000,-102.06610000
15.90453914,-416.24190000,-105.66120000
15.94549914,-407.19320000,-100.26550000
15.98645914,-411.70990000,-102.06610000
16.02741914,-407.19320000,-102.06610000
16.06837914,-407.19320000,-100.26550000
16.10933914,-407.19320000,-102.06610000
16.15029914,-402.66120000,-100.26550000
16.19125914,-402.66120000,-102.06610000
16.23221914,-398.12920000,-100.26550000
16.27317914,-398.12920000,-98.47102000
16.31413913,-398.12920000,-100.26550000
16.35509913,-393.61250000,-100.26550000
16.39605913,-384.54850000,-94.86984000
16.43701913,-384.54850000,-98.47102000
16.47797913,-384.54850000,-98.47102000
16.51893913,-384.54850000,-98.47102000
16.55989913,-370.96770000,-96.67043000
16.60085913,-370.96770000,-98.47102000
16.64181913,-370.96770000,-98.47102000
16.68277913,-366.45100000,-98.47102000
16.72373913,-366.45100000,-98.47102000
16.76469913,-352.87020000,-94.86984000
16.80565913,-352.87020000,-98.47102000
16.84661913,-348.33830000,-93.07535000
16.88757913,-348.33830000,-96.67043000
16.92853913,-339.28950000,-94.86984000
16.96949913,-334.75750000,-91.27476000
17.01045913,-334.75750000,-93.07535000
17.05141913,-325.70880000,-91.27476000
17.09237913,-325.70880000,-93.07535000
17.13333913,-316.64480000,-91.27476000
17.17429913,-316.64480000,-91.27476000
17.21525913,-307.59600000,-91.27476000
17.25621913,-303.06400000,-89.48027000
17.29717913,-298.54730000,-91.27476000
17.33813913,-289.48330000,-85.87908000
17.37909913,-294.01530000,-91.27476000
17.42005913,-280.43460000,-87.67968000
17.46101913,-275.90260000,-85.87908000
17.50197913,-275.90260000,-87.67968000
17.54293913,-271.38580000,-84.08459000
17.58389913,-266.85380000,-85.87908000
17.62485913,-257.80510000,-82.28400000
17.66581913,-253.27310000,-82.28400000
17.70677913,-248.75630000,-84.08459000
17.74773913,-239.69240000,-78.68892000
17.78869913,-239.69240000,-82.28400000
17.82965913,-235.17560000,-80.48952000
17.87061913,-226.11160000,-76.88834000
17.91157913,-221.59490000,-78.68892000
17.95253912,-217.06290000,-76.88834000
17.99349912,-212.53090000,-76.88834000
18.03445912,-208.01410000,-76.88834000
18.07541912,-203.48210000,-76.88834000
18.11637912,-198.95010000,-75.09385000
18.15733912,-189.90140000,-71.49266000
18.19829912,-189.90140000,-73.29325000
18.23925912,-185.36940000,-73.29325000
18.28021912,-180.85270000,-71.49266000
18.32117912,-171.78870000,-69.69817000
18.36213912,-171.78870000,-69.69817000
18.40309912,-167.27190000,-69.69817000
18.44405912,-162.73990000,-66.10309000
18.48501912,-153.69120000,-64.30250000
18.52597912,-153.69120000,-64.30250000
18.56693912,-153.69120000,-64.30250000
18.60789912,-144.62720000,-62.50190000
18.64885912,-135.57850000,-62.50190000
18.68981912,-135.57850000,-62.50190000
18.73077912,-131.04650000,-62.50190000
18.77173912,-126.52970000,-60.70742000
18.81269912,-121.99770000,-58.90683000
18.85365912,-117.48100000,-55.31175000
18.89461912,-117.48100000,-58.90683000
18.93557912,-108.41700000,-55.31175000
18.97653912,-103.90030000,-51.71666000
19.01749912,-99.36826000,-55.31175000
19.05845912,-94.83626000,-51.71666000
19.09941912,-94.83626000,-53.51115000
19.14037912,-85.78752000,-49.91607000
19.18133912,-81.25553000,-48.12158000
19.22229912,-81.25553000,-49.91607000
19.26325912,-72.20679000,-42.72591000
19.30421912,-72.20679000,-44.52040000
19.34517912,-67.67479000,-46.32100000
19.38613912,-63.15805000,-40.92532000
19.42709912,-63.15805000,-46.32100000
19.46805912,-49.57732000,-35.52965000
19.50901912,-58.62605000,-40.92532000
19.54997912,-45.04532000,-39.13083000
19.59093912,-40.51332000,-30.13398000
19.63189911,-45.04532000,-42.72591000
19.67285911,-26.93258000,-26.53890000
19.71381911,-45.04532000,-44.52040000
19.75477911,-22.41584000,-24.74441000
19.79573911,-35.99658000,-35.52965000
19.83669911,-17.88385000,-26.53890000
19.87765911,-22.41584000,-30.13398000
19.91861911,-8.83510900,-26.53890000
19.95957911,-8.83510900,-26.53890000
20.00053911,-4.30311000,-21.14322000
20.04149911,-8.83510900,-24.74441000
20.08245911,0.22888880,-22.94382000
20.12341911,0.22888880,-19.34873000
20.16437911,9.27762600,-21.14322000
20.20533911,13.80962000,-13.95306000
20.24629911,9.27762600,-21.14322000
20.28725911,22.85836000,-12.15247000
20.32821911,13.80962000,-19.34873000
20.36917911,27.37510000,-10.35798000
20.41013911,27.37510000,-13.95306000
20.45109911,36.42384000,-8.55739000
20.49205911,36.42384000,-10.35798000
20.53301911,36.42384000,-12.15247000
20.57397911,45.47258000,-8.55739000
20.61493911,45.47258000,-3.16171700
20.65589911,45.47258000,-6.76290100
20.69685911,54.52132000,2.22785100
20.73781911,50.00458000,-4.96230900
20.77877911,63.58531000,5.82293100
20.81973911,50.00458000,-8.55739000
20.86069911,72.63405000,9.41801200
20.90165911,63.58531000,-3.16171700
20.94261911,81.68279000,9.41801200
20.98357911,68.10205000,2.22785100
21.02453911,81.68279000,9.41801200
21.06549911,81.68279000,9.41801200
21.10645911,86.21478000,13.01309000
21.14741911,90.74679000,11.21860000
21.18837911,90.74679000,11.21860000
21.22933911,95.26352000,14.81368000
21.27029910,99.79552000,16.60817000
21.31125910,99.79552000,18.40877000
21.35221910,99.79552000,13.01309000
21.39317910,108.84430000,23.80444000
21.43413910,104.32750000,16.60817000
21.47509910,117.90830000,23.80444000
21.51605910,108.84430000,18.40877000
21.55701910,122.42500000,25.59892000
21.59797910,122.42500000,25.59892000
21.63893910,126.95700000,27.39952000
21.67989910,126.95700000,27.39952000
21.72085910,126.95700000,27.39952000
21.76181910,131.48900000,23.80444000
21.80277910,136.00570000,30.99460000
21.84373910,136.00570000,30.99460000
21.88469910,145.06970000,38.19086000
21.92565910,145.06970000,32.79519000
21.96661910,149.58650000,38.19086000
22.00757910,154.11850000,38.19086000
22.04853910,158.65050000,41.78594000
22.08949910,158.65050000,38.19086000
22.13045910,163.16720000,43.58654000
22.17141910,163.16720000,41.78594000
22.21237910,172.23120000,45.38102000
22.25333910,172.23120000,43.58654000
22.29429910,176.74790000,45.38102000
22.33525910,176.74790000,48.97610000
22.37621910,181.27990000,48.97610000
22.41717910,185.79670000,50.77670000
22.45813910,190.32870000,50.77670000
22.49909910,190.32870000,52.57729000
22.54005910,190.32870000,52.57729000
22.58101910,199.37740000,57.96685000
22.62197910,199.37740000,52.57729000
22.66293910,208.44140000,57.96685000
22.70389910,208.44140000,54.37177000
22.74485910,212.95810000,59.76745000
22.78581910,212.95810000,61.56804000
22.82677910,212.95810000,59.76745000
22.86773910,222.02210000,61.56804000
22.90869909,222.02210000,63.36253000
22.94965909,226.53890000,63.36253000
22.99061909,231.07090000,66.95761000
23.03157909,231.07090000,65.16312000
23.07253909,240.11960000,68.75820000
23.11349909,244.65160000,66.95761000
23.15445909,244.65160000,66.95761000
23.19541909,244.65160000,70.55879000
23.23637909,249.18360000,68.75820000
23.27733909,253.70040000,72.35329000
23.31829909,253.70040000,72.35329000
23.35925909,258.23230000,72.35329000
23.40021909,262.76430000,74.15387000
23.44117909,262.76430000,74.15387000
23.48213909,267.28110000,75.94836000
23.52309909,271.81310000,77.74895000
23.56405909,280.86180000,77.74895000
23.60501909,280.86180000,81.34403000
23.64597909,280.86180000,77.74895000
23.68693909,289.92580000,81.34403000
23.72789909,289.92580000,79.54955000
23.76885909,294.44260000,81.34403000
23.80981909,298.97450000,84.94522000
23.85077909,298.97450000,83.14462000
23.89173909,298.97450000,83.14462000
23.93269909,303.50660000,84.94522000
23.97365909,308.02330000,86.73971000
24.01461909,312.55530000,88.54030000
24.05557909,317.08730000,88.54030000
24.09653909,317.08730000,88.54030000
24.13749909,321.60400000,90.33479000
24.17845909,326.13600000,88.54030000
24.21941909,326.13600000,88.54030000
24.26037909,335.18480000,92.13538000
24.30133909,335.18480000,88.54030000
24.34229909,339.71680000,88.54030000
24.38325909,339.71680000,92.13538000
24.42421909,348.76550000,92.13538000
24.46517909,353.29750000,93.93597000
24.50613909,353.29750000,92.13538000
24.54709908,353.29750000,93.93597000
24.58805908,362.34630000,95.73045000
24.62901908,362.34630000,93.93597000
24.66997908,362.34630000,93.93597000
24.71093908,371.39500000,95.73045000
24.75189908,371.39500000,97.53105000
24.79285908,371.39500000,99.32554000
24.83381908,375.92700000,95.73045000
24.87477908,380.45900000,99.32554000
24.91573908,380.45900000,99.32554000
24.95669908,384.97570000,97.53105000
24.99765908,380.45900000,95.73045000
25.03861908,389.50770000,99.32554000
25.07957908,394.03970000,99.32554000
25.12053908,394.03970000,99.32554000
25.16149908,398.55650000,99.32554000
25.20245908,398.55650000,101.12610000
25.24341908,407.62040000,102.92670000
25.28437908,403.08850000,99.32554000
25.32533908,407.62040000,102.92670000
25.36629908,407.62040000,101.12610000
25.40725908,407.62040000,101.12610000
25.44821908,407.62040000,101.12610000
25.48917908,407.62040000,101.12610000
25.53013908,412.13720000,101.12610000
25.57109908,407.62040000,101.12610000
25.61205908,407.62040000,99.32554000
25.65301908,412.13720000,102.92670000
25.69397908,412.13720000,102.92670000
25.73493908,412.13720000,101.12610000
25.77589908,412.13720000,101.12610000
25.81685908,412.13720000,101.12610000
25.85781908,412.13720000,101.12610000
25.89877908,412.13720000,102.92670000
25.93973908,407.62040000,99.32554000
25.98069908,416.66920000,102.92670000
26.02165908,407.62040000,97.53105000
26.06261908,407.62040000,102.92670000
26.10357908,407.62040000,104.72120000
26.14453908,403.08850000,95.73045000
26.18549907,407.62040000,102.92670000
26.22645907,398.55650000,95.73045000
26.26741907,398.55650000,102.92670000
26.30837907,389.50770000,95.73045000
26.34933907,398.55650000,102.92670000
26.39029907,394.03970000,101.12610000
26.43125907,389.50770000,95.73045000
26.47221907,389.50770000,99.32554000
26.51317907,380.45900000,99.32554000
26.55413907,380.45900000,95.73045000
26.59509907,375.92700000,97.53105000
26.63605907,371.39500000,93.93597000
26.67701907,371.39500000,95.73045000
26.71797907,362.34630000,95.73045000
26.75893907,357.81420000,95.73045000
26.79989907,357.81420000,95.73045000
26.84085907,353.29750000,93.93597000
26.88181907,353.29750000,95.73045000
26.92277907,344.23350000,93.93597000
26.96373907,335.18480000,93.93597000
27.00469907,335.18480000,93.93597000
27.04565907,330.65280000,92.13538000
27.08661907,326.13600000,90.33479000
27.12757907,317.08730000,90.33479000
27.16853907,317.08730000,90.33479000
27.20949907,308.02330000,90.33479000
27.25045907,303.50660000,88.54030000
27.29141907,298.97450000,88.54030000
27.33237907,298.97450000,88.54030000
27.37333907,289.92580000,86.73971000
27.41429907,280.86180000,86.73971000
27.45525907,280.86180000,88.54030000
27.49621907,271.81310000,84.94522000
27.53717907,267.28110000,86.73971000
27.57813907,262.76430000,83.14462000
27.61909907,258.23230000,83.14462000
27.66005907,253.70040000,83.14462000
27.70101907,249.18360000,81.34403000
27.74197907,244.65160000,79.54955000
27.78293907,235.60290000,81.34403000
27.82389906,231.07090000,79.54955000
27.86485906,231.07090000,81.34403000
27.90581906,226.53890000,79.54955000
27.94677906,217.49010000,77.74895000
27.98773906,217.49010000,79.54955000
28.02869906,203.90940000,74.15387000
28.06965906,208.44140000,74.15387000
28.11061906,199.37740000,74.15387000
28.15157906,194.86070000,74.15387000
28.19253906,190.32870000,74.15387000
28.23349906,185.79670000,70.55879000
28.27445906,176.74790000,66.95761000
28.31541906,176.74790000,70.55879000
28.35637906,172.23120000,68.75820000
28.39733906,167.69920000,66.95761000
28.43829906,158.65050000,66.95761000
28.47925906,158.65050000,66.95761000
28.52021906,154.11850000,66.95761000
28.56117906,149.58650000,63.36253000
28.60213906,145.06970000,61.56804000
28.64309906,140.53770000,63.36253000
28.68405906,136.00570000,59.76745000
28.72501906,136.00570000,59.76745000
28.76597906,122.42500000,56.17237000
28.80693906,117.90830000,54.37177000
28.84789906,117.90830000,57.96685000
28.88885906,113.37630000,54.37177000
28.92981906,108.84430000,52.57729000
28.97077906,108.84430000,54.37177000
29.01173906,99.79552000,52.57729000
29.05269906,99.79552000,50.77670000
29.09365906,90.74679000,48.97610000
29.13461906,86.21478000,45.38102000
29.17557906,86.21478000,50.77670000
29.21653906,81.68279000,45.38102000
29.25749906,81.68279000,45.38102000
29.29845906,72.63405000,45.38102000
29.33941906,68.10205000,41.78594000
29.38037906,63.58531000,36.39027000
29.42133906,63.58531000,39.98535000
29.46229906,54.52132000,38.19086000
29.50325905,54.52132000,41.78594000
29.54421905,45.47258000,36.39027000
29.58517905,45.47258000,38.19086000
29.62613905,36.42384000,32.79519000
29.66709905,36.42384000,30.99460000
29.70805905,36.42384000,36.39027000
29.74901905,27.37510000,27.39952000
29.78997905,27.37510000,30.99460000
29.83093905,18.32636000,30.99460000
29.87189905,18.32636000,22.00385000
29.91285905,22.85836000,34.58968000
29.95381905,0.22888880,16.60817000
29.99477905,18.32636000,32.79519000
30.03573905,-8.83510900,14.81368000
30.07669905,9.27762600,25.59892000
30.11765905,-8.83510900,16.60817000
30.15861905,-4.30311000,22.00385000
30.19957905,-13.35185000,16.60817000
30.24053905,-13.35185000,11.21860000
30.28149905,-22.41584000,13.01309000
30.32245905,-17.88385000,16.60817000
30.36341905,-26.93258000,9.41801200
30.40437905,-26.93258000,9.41801200
30.44533905,-31.46458000,13.01309000
30.48629905,-40.51332000,2.22785100
30.52725905,-35.99658000,13.01309000
30.56821905,-45.04532000,-1.36722900
30.60917905,-35.99658000,14.81368000
30.65013905,-58.62605000,-4.96230900
30.69109905,-45.04532000,7.61742000
30.73205905,-63.15805000,-4.96230900
30.77301905,-54.09406000,5.82293100
30.81397905,-67.67479000,-4.96230900
30.85493905,-63.15805000,0.43336280
30.89589905,-72.20679000,-4.96230900
30.93685905,-67.67479000,-1.36722900
30.97781905,-81.25553000,-10.35798000
31.01877905,-72.20679000,-6.76290100
31.05973905,-81.25553000,-10.35798000
31.10069905,-81.25553000,-8.55739000
31.14165904,-94.83626000,-17.54814000
31.18261904,-85.78752000,-10.35798000
31.22357904,-99.36826000,-17.54814000
31.26453904,-90.31953000,-13.95306000
31.30549904,-99.36826000,-17.54814000
31.34645904,-99.36826000,-19.34873000
31.38741904,-103.90030000,-17.54814000
31.42837904,-108.41700000,-21.14322000
31.46933904,-112.94900000,-22.94382000
31.51029904,-117.48100000,-24.74441000
31.55125904,-121.99770000,-26.53890000
31.59221904,-117.48100000,-26.53890000
31.63317904,-126.52970000,-22.94382000
31.67413904,-131.04650000,-33.73516000
31.71509904,-126.52970000,-24.74441000
31.75605904,-140.11050000,-37.33024000
31.79701904,-131.04650000,-26.53890000
31.83797904,-144.62720000,-39.13083000
31.87893904,-140.11050000,-31.93457000
31.91989904,-153.69120000,-39.13083000
31.96085904,-144.62720000,-33.73516000
32.00181904,-158.20790000,-42.72591000
32.04277904,-153.69120000,-39.13083000
32.08373904,-162.73990000,-42.72591000
32.12469904,-162.73990000,-40.92532000
32.16565904,-171.78870000,-48.12158000
32.20661904,-167.27190000,-44.52040000
32.24757904,-171.78870000,-42.72591000
32.28853904,-171.78870000,-48.12158000
32.32949904,-180.85270000,-48.12158000
32.37045904,-180.85270000,-49.91607000
32.41141904,-185.36940000,-49.91607000
32.45237904,-189.90140000,-51.71666000
32.49333904,-194.43340000,-53.51115000
32.53429904,-194.43340000,-53.51115000
32.57525904,-198.95010000,-55.31175000
32.61621904,-203.48210000,-58.90683000
32.65717904,-203.48210000,-55.31175000
32.69813904,-208.01410000,-58.90683000
32.73909904,-208.01410000,-58.90683000
32.78005903,-217.06290000,-64.30250000
32.82101903,-217.06290000,-58.90683000
32.86197903,-226.11160000,-64.30250000
32.90293903,-221.59490000,-62.50190000
32.94389903,-226.11160000,-66.10309000
32.98485903,-226.11160000,-64.30250000
33.02581903,-235.17560000,-67.89758000
33.06677903,-239.69240000,-67.89758000
33.10773903,-244.22430000,-75.09385000
33.14869903,-244.22430000,-69.69817000
33.18965903,-244.22430000,-69.69817000
33.23061903,-248.75630000,-71.49266000
33.27157903,-253.27310000,-75.09385000
33.31253903,-253.27310000,-71.49266000
33.35349903,-257.80510000,-76.88834000
33.39445903,-262.33710000,-75.09385000
33.43541903,-271.38580000,-76.88834000
33.47637903,-271.38580000,-78.68892000
33.51733903,-271.38580000,-76.88834000
33.55829903,-280.43460000,-80.48952000
33.59925903,-275.90260000,-78.68892000
33.64021903,-280.43460000,-84.08459000
33.68117903,-284.96660000,-80.48952000
33.72213903,-289.48330000,-82.28400000
33.76309903,-289.48330000,-84.08459000
33.80405903,-298.54730000,-84.08459000
33.84501903,-298.54730000,-84.08459000
33.88597903,-307.59600000,-87.67968000
33.92693903,-307.59600000,-84.08459000
33.96789903,-312.12810000,-87.67968000
34.00885903,-316.64480000,-87.67968000
34.04981903,-316.64480000,-87.67968000
34.09077903,-321.17680000,-91.27476000
34.13173903,-325.70880000,-89.48027000
34.17269903,-325.70880000,-91.27476000
34.21365903,-325.70880000,-91.27476000
34.25461903,-334.75750000,-91.27476000
34.29557903,-334.75750000,-93.07535000
34.33653903,-339.28950000,-93.07535000
34.37749903,-343.80620000,-91.27476000
34.41845902,-348.33830000,-94.86984000
34.45941902,-348.33830000,-94.86984000
34.50037902,-352.87020000,-96.67043000
34.54133902,-352.87020000,-94.86984000
34.58229902,-361.91900000,-94.86984000
34.62325902,-361.91900000,-96.67043000
34.66421902,-361.91900000,-96.67043000
34.70517902,-366.45100000,-96.67043000
34.74613902,-370.96770000,-98.47102000
34.78709902,-370.96770000,-96.67043000
34.82805902,-375.49970000,-98.47102000
34.86901902,-380.03170000,-98.47102000
34.90997902,-380.03170000,-98.47102000
34.95093902,-384.54850000,-100.26550000
34.99189902,-389.08040000,-100.26550000
35.03285902,-389.08040000,-98.47102000
35.07381902,-393.61250000,-103.86060000
35.11477902,-389.08040000,-100.26550000
35.15573902,-398.12920000,-105.66120000
35.19669902,-398.12920000,-98.47102000
35.23765902,-398.12920000,-100.26550000
35.27861902,-398.12920000,-102.06610000
35.31957902,-407.19320000,-102.06610000
35.36053902,-407.19320000,-103.86060000
35.40149902,-407.19320000,-102.06610000
35.44245902,-407.19320000,-100.26550000
35.48341902,-407.19320000,-102.06610000
35.52437902,-411.70990000,-103.86060000
35.56533902,-407.19320000,-102.06610000
35.60629902,-411.70990000,-102.06610000
35.64725902,-407.19320000,-102.06610000
35.68821902,-416.24190000,-103.86060000
35.72917902,-411.70990000,-103.86060000
35.77013902,-411.70990000,-103.86060000
35.81109902,-411.70990000,-103.86060000
35.85205902,-416.24190000,-102.06610000
35.89301902,-411.70990000,-102.06610000
35.93397902,-411.70990000,-103.86060000
35.97493902,-411.70990000,-102.06610000
36.01589902,-407.19320000,-103.86060000
36.05685901,-407.19320000,-102.06610000
36.09781901,-407.19320000,-100.26550000
36.13877901,-407.19320000,-100.26550000
36.17973901,-407.19320000,-102.06610000
36.22069901,-407.19320000,-100.26550000
36.26165901,-398.12920000,-100.26550000
36.30261901,-398.12920000,-100.26550000
36.34357901,-398.12920000,-100.26550000
36.38453901,-393.61250000,-100.26550000
36.42549901,-389.08040000,-100.26550000
36.46645901,-389.08040000,-100.26550000
36.50741901,-380.03170000,-96.67043000
36.54837901,-380.03170000,-98.47102000
36.58933901,-375.49970000,-98.47102000
36.63029901,-370.96770000,-98.47102000
36.67125901,-370.96770000,-98.47102000
36.71221901,-361.91900000,-94.86984000
36.75317901,-361.91900000,-96.67043000
36.79413901,-352.87020000,-96.67043000
36.83509901,-352.87020000,-96.67043000
36.87605901,-348.33830000,-96.67043000
36.91701901,-343.80620000,-93.07535000
36.95797901,-343.80620000,-96.67043000
36.99893901,-334.75750000,-94.86984000
37.03989901,-334.75750000,-93.07535000
37.08085901,-325.70880000,-93.07535000
37.12181901,-316.64480000,-91.27476000
37.16277901,-316.64480000,-91.27476000
37.20373901,-312.12810000,-91.27476000
37.24469901,-312.12810000,-96.67043000
37.28565901,-298.54730000,-91.27476000
37.32661901,-298.54730000,-89.48027000
37.36757901,-289.48330000,-87.67968000
37.40853901,-289.48330000,-89.48027000
37.44949901,-280.43460000,-87.67968000
37.49045901,-280.43460000,-89.48027000
37.53141901,-271.38580000,-85.87908000
37.57237901,-262.33710000,-84.08459000
37.61333901,-262.33710000,-85.87908000
37.65429901,-253.27310000,-84.08459000
37.69525900,-253.27310000,-82.28400000
37.73621900,-244.22430000,-82.28400000
37.77717900,-239.69240000,-82.28400000
37.81813900,-239.69240000,-82.28400000
37.85909900,-226.11160000,-78.68892000
37.90005900,-226.11160000,-78.68892000
37.94101900,-221.59490000,-80.48952000
37.98197900,-217.06290000,-76.88834000
38.02293900,-208.01410000,-76.88834000
38.06389900,-208.01410000,-76.88834000
38.10485900,-208.01410000,-76.88834000
38.14581900,-198.95010000,-75.09385000
38.18677900,-189.90140000,-73.29325000
38.22773900,-189.90140000,-71.49266000
38.26869900,-185.36940000,-73.29325000
38.30965900,-176.32070000,-71.49266000
38.35061900,-176.32070000,-69.69817000
38.39157900,-171.78870000,-69.69817000
38.43253900,-167.27190000,-64.30250000
38.47349900,-162.73990000,-69.69817000
38.51445900,-153.69120000,-66.10309000
38.55541900,-153.69120000,-64.30250000
38.59637900,-149.15920000,-64.30250000
38.63733900,-144.62720000,-64.30250000
38.67829900,-140.11050000,-62.50190000
38.71925900,-131.04650000,-58.90683000
38.76021900,-131.04650000,-58.90683000
38.80117900,-126.52970000,-58.90683000
38.84213900,-117.48100000,-57.11234000
38.88309900,-117.48100000,-57.11234000
38.92405900,-112.94900000,-55.31175000
38.96501900,-108.41700000,-53.51115000
39.00597900,-99.36826000,-55.31175000
39.04693900,-99.36826000,-51.71666000
39.08789900,-94.83626000,-51.71666000
39.12885900,-90.31953000,-49.91607000
39.16981900,-85.78752000,-48.12158000
39.21077900,-81.25553000,-48.12158000
39.25173900,-81.25553000,-48.12158000
39.29269900,-76.73878000,-46.32100000
39.33365900,-72.20679000,-44.52040000
39.37461899,-63.15805000,-42.72591000
39.41557899,-63.15805000,-44.52040000
39.45653899,-58.62605000,-40.92532000
39.49749899,-54.09406000,-40.92532000
39.53845899,-49.57732000,-40.92532000
39.57941899,-45.04532000,-37.33024000
39.62037899,-45.04532000,-35.52965000
39.66133899,-35.99658000,-35.52965000
39.70229899,-35.99658000,-33.73516000
39.74325899,-35.99658000,-33.73516000
39.78421899,-26.93258000,-31.93457000
39.82517899,-22.41584000,-28.33949000
39.86613899,-26.93258000,-31.93457000
39.90709899,-17.88385000,-26.53890000
39.94805899,-8.83510900,-26.53890000
39.98901899,-8.83510900,-26.53890000
40.02997899,-4.30311000,-21.14322000
40.07093899,-8.83510900,-28.33949000
40.11189899,9.27762600,-21.14322000
40.15285899,9.27762600,-19.34873000
40.19381899,4.74562800,-22.94382000
40.23477899,18.32636000,-12.15247000
40.27573899,9.27762600,-19.34873000
40.31669899,27.37510000,-10.35798000
40.35765899,18.32636000,-17.54814000
40.39861899,27.37510000,-12.15247000
40.43957899,27.37510000,-12.15247000
40.48053899,31.89184000,-12.15247000
40.52149899,36.42384000,-4.96230900
40.56245899,45.47258000,-4.96230900
40.60341899,36.42384000,-10.35798000
40.64437899,54.52132000,-1.36722900
40.68533899,45.47258000,-8.55739000
40.72629899,63.58531000,2.22785100
40.76725899,54.52132000,-1.36722900
40.80821899,63.58531000,0.43336280
40.84917899,63.58531000,5.82293100
40.89013899,63.58531000,2.22785100
40.93109899,72.63405000,7.61742000
40.97205899,72.63405000,2.22785100
41.01301898,81.68279000,9.41801200
41.05397898,77.16605000,2.22785100
41.09493898,86.21478000,11.21860000
41.13589898,81.68279000,4.02233900
41.17685898,95.26352000,18.40877000
41.21781898,86.21478000,5.82293100
41.25877898,99.79552000,16.60817000
41.29973898,90.74679000,9.41801200
41.34069898,104.32750000,22.00385000
41.38165898,99.79552000,18.40877000
41.42261898,113.37630000,23.80444000
41.46357898,108.84430000,16.60817000
41.50453898,117.90830000,23.80444000
41.54549898,113.37630000,20.20936000
41.58645898,122.42500000,23.80444000
41.62741898,122.42500000,27.39952000
41.66837898,122.42500000,23.80444000
41.70933898,131.48900000,30.99460000
41.75029898,126.95700000,25.59892000
41.79125898,136.00570000,34.58968000
41.83221898,136.00570000,30.99460000
41.87317898,145.06970000,34.58968000
41.91413898,140.53770000,30.99460000
41.95509898,154.11850000,39.98535000
41.99605898,145.06970000,32.79519000
42.03701898,158.65050000,41.78594000
42.07797898,154.11850000,36.39027000
42.11893898,163.16720000,43.58654000
42.15989898,158.65050000,39.98535000
42.20085898,167.69920000,43.58654000
42.24181898,172.23120000,45.38102000
42.28277898,172.23120000,45.38102000
42.32373898,181.27990000,48.97610000
42.36469898,181.27990000,48.97610000
42.40565898,181.27990000,50.77670000
42.44661898,190.32870000,50.77670000
42.48757898,190.32870000,56.17237000
42.52853898,194.86070000,52.57729000
42.56949898,199.37740000,56.17237000
42.61045898,194.86070000,52.57729000
42.65141897,208.44140000,57.96685000
42.69237897,208.44140000,56.17237000
42.73333897,208.44140000,57.96685000
42.77429897,212.95810000,59.76745000
42.81525897,217.49010000,59.76745000
42.85621897,217.49010000,59.76745000
42.89717897,222.02210000,63.36253000
42.93813897,226.53890000,59.76745000
42.97909897,226.53890000,66.95761000
43.02005897,226.53890000,63.36253000
43.06101897,235.60290000,66.95761000
43.10197897,235.60290000,65.16312000
43.14293897,240.11960000,66.95761000
43.18389897,244.65160000,70.55879000
43.22485897,249.18360000,70.55879000
43.26581897,249.18360000,70.55879000
43.30677897,253.70040000,70.55879000
43.34773897,262.76430000,74.15387000
43.38869897,262.76430000,74.15387000
43.42965897,267.28110000,74.15387000
43.47061897,262.76430000,74.15387000
43.51157897,271.81310000,77.74895000
43.55253897,271.81310000,77.74895000
43.59349897,280.86180000,77.74895000
43.63445897,280.86180000,81.34403000
43.67541897,280.86180000,81.34403000
43.71637897,285.39380000,79.54955000
43.75733897,289.92580000,84.94522000
43.79829897,294.44260000,79.54955000
43.83925897,298.97450000,84.94522000
43.88021897,298.97450000,81.34403000
43.92117897,303.50660000,84.94522000
43.96213897,303.50660000,84.94522000
44.00309897,308.02330000,84.94522000
44.04405897,317.08730000,88.54030000
44.08501897,317.08730000,88.54030000
44.12597897,317.08730000,86.73971000
44.16693897,326.13600000,88.54030000
44.20789897,326.13600000,86.73971000
44.24885897,335.18480000,88.54030000
44.28981896,335.18480000,90.33479000
44.33077896,335.18480000,90.33479000
44.37173896,339.71680000,93.93597000
44.41269896,344.23350000,93.93597000
44.45365896,348.76550000,92.13538000
44.49461896,348.76550000,92.13538000
44.53557896,353.29750000,93.93597000
44.57653896,357.81420000,95.73045000
44.61749896,357.81420000,95.73045000
44.65845896,362.34630000,92.13538000
44.69941896,371.39500000,97.53105000
44.74037896,371.39500000,95.73045000
44.78133896,371.39500000,95.73045000
44.82229896,371.39500000,95.73045000
44.86325896,375.92700000,95.73045000
44.90421896,380.45900000,99.32554000
44.94517896,380.45900000,97.53105000
44.98613896,389.50770000,99.32554000
45.02709896,389.50770000,99.32554000
45.06805896,389.50770000,99.32554000
45.10901896,389.50770000,99.32554000
45.14997896,394.03970000,99.32554000
45.19093896,398.55650000,97.53105000
45.23189896,398.55650000,101.12610000
45.27285896,403.08850000,102.92670000
45.31381896,398.55650000,99.32554000
45.35477896,403.08850000,99.32554000
45.39573896,407.62040000,104.72120000
45.43669896,407.62040000,101.12610000
45.47765896,407.62040000,101.12610000
45.51861896,407.62040000,95.73045000
45.55957896,412.13720000,102.92670000
45.60053896,407.62040000,101.12610000
45.64149896,412.13720000,101.12610000
45.68245896,412.13720000,102.92670000
45.72341896,407.62040000,101.12610000
45.76437896,407.62040000,101.12610000
45.80533896,412.13720000,102.92670000
45.84629896,412.13720000,99.32554000
45.88725896,407.62040000,101.12610000
45.92821895,412.13720000,101.12610000
45.96917895,407.62040000,101.12610000
46.01013895,412.13720000,101.12610000
46.05109895,407.62040000,101.12610000
46.09205895,407.62040000,99.32554000
46.13301895,407.62040000,101.12610000
46.17397895,407.62040000,101.12610000
46.21493895,407.62040000,101.12610000
46.25589895,398.55650000,99.32554000
46.29685895,398.55650000,97.53105000
46.33781895,394.03970000,99.32554000
46.37877895,389.50770000,99.32554000
46.41973895,389.50770000,97.53105000
46.46069895,389.50770000,99.32554000
46.50165895,384.97570000,99.32554000
46.54261895,380.45900000,99.32554000
46.58357895,375.92700000,95.73045000
46.62453895,371.39500000,101.12610000
46.66549895,371.39500000,95.73045000
46.70645895,366.87820000,97.53105000
46.74741895,362.34630000,95.73045000
46.78837895,357.81420000,92.13538000
46.82933895,353.29750000,95.73045000
46.87029895,348.76550000,93.93597000
46.91125895,348.76550000,95.73045000
46.95221895,344.23350000,93.93597000
46.99317895,335.18480000,90.33479000
47.03413895,335.18480000,93.93597000
47.07509895,326.13600000,92.13538000
47.11605895,321.60400000,90.33479000
47.15701895,317.08730000,92.13538000
47.19797895,308.02330000,88.54030000
47.23893895,308.02330000,90.33479000
47.27989895,298.97450000,88.54030000
47.32085895,298.97450000,88.54030000
47.36181895,294.44260000,88.54030000
47.40277895,285.39380000,84.94522000
47.44373895,280.86180000,86.73971000
47.48469895,280.86180000,90.33479000
47.52565895,271.81310000,86.73971000
47.56661894,267.28110000,84.94522000
47.60757894,262.76430000,83.14462000
47.64853894,253.70040000,83.14462000
47.68949894,253.70040000,83.14462000
47.73045894,244.65160000,81.34403000
47.77141894,244.65160000,81.34403000
47.81237894,231.07090000,79.54955000
47.85333894,231.07090000,79.54955000
47.89429894,226.53890000,79.54955000
47.93525894,222.02210000,77.74895000
47.97621894,217.49010000,74.15387000
48.01717894,212.95810000,75.94836000
48.05813894,208.44140000,74.15387000
48.09909894,203.90940000,74.15387000
48.14005894,194.86070000,72.35329000
48.18101894,190.32870000,70.55879000
48.22197894,190.32870000,74.15387000
48.26293894,181.27990000,68.75820000
48.30389894,181.27990000,70.55879000
48.34485894,172.23120000,68.75820000
48.38581894,167.69920000,66.95761000
48.42677894,172.23120000,66.95761000
48.46773894,158.65050000,65.16312000
48.50869894,158.65050000,66.95761000
48.54965894,154.11850000,61.56804000
48.59061894,145.06970000,61.56804000
48.63157894,145.06970000,63.36253000
48.67253894,136.00570000,61.56804000
48.71349894,136.00570000,59.76745000
48.75445894,126.95700000,59.76745000
48.79541894,122.42500000,57.96685000
48.83637894,122.42500000,57.96685000
48.87733894,117.90830000,57.96685000
48.91829894,108.84430000,52.57729000
48.95925894,108.84430000,56.17237000
49.00021894,104.32750000,54.37177000
49.04117894,99.79552000,50.77670000
49.08213894,95.26352000,50.77670000
49.12309894,90.74679000,48.97610000
49.16405894,90.74679000,50.77670000
49.20501894,81.68279000,47.18161000
49.24597893,81.68279000,47.18161000
49.28693893,77.16605000,45.38102000
49.32789893,72.63405000,41.78594000
49.36885893,72.63405000,45.38102000
49.40981893,63.58531000,41.78594000
49.45077893,63.58531000,38.19086000
49.49173893,54.52132000,39.98535000
49.53269893,50.00458000,38.19086000
49.57365893,45.47258000,36.39027000
49.61461893,40.94057000,34.58968000
49.65557893,36.42384000,32.79519000
49.69653893,36.42384000,36.39027000
49.73749893,27.37510000,29.20011000
49.77845893,27.37510000,30.99460000
49.81941893,27.37510000,30.99460000
49.86037893,18.32636000,27.39952000
49.90133893,18.32636000,27.39952000
49.94229893,13.80962000,25.59892000
49.98325893,9.27762600,23.80444000
50.02421893,9.27762600,25.59892000

