t / s	&b_A1 / rad
0,0	-2,55
0,1	-2,55
0,2	-2,55
0,3	-2,55
0,4	-2,55
0,5	-2,55
0,6	-2,55
0,7	-2,55
0,8	-2,55
0,9	-2,55
1,0	-2,55
1,1	-2,55
1,2	-2,55
1,3	-2,55
1,4	-2,55
1,5	-2,55
1,6	-2,55
1,7	-2,55
1,8	-2,54
1,9	-2,54
2,0	-2,54
2,1	-2,55
2,2	-2,55
2,3	-2,53
2,4	-2,30
2,5	-1,82
2,6	-1,15
2,7	-0,34
2,8	0,49
2,9	1,27
3,0	1,91
3,1	2,35
3,2	2,51
3,3	2,39
3,4	2,00
3,5	1,39
3,6	0,63
3,7	-0,20
3,8	-1,01
3,9	-1,71
4,0	-2,22
4,1	-2,49
4,2	-2,49
4,3	-2,22
4,4	-1,71
4,5	-1,01
4,6	-0,21
4,7	0,63
4,8	1,38
4,9	1,99
5,0	2,36
5,1	2,48
5,2	2,32
5,3	1,90
5,4	1,27
5,5	0,50
5,6	-0,33
5,7	-1,13
5,8	-1,79
5,9	-2,26
6,0	-2,49
6,1	-2,45
6,2	-2,13
6,3	-1,58
6,4	-0,87
6,5	-0,07
6,6	0,75
6,7	1,48
6,8	2,05
6,9	2,39
7,0	2,46
7,1	2,26
7,2	1,79
7,3	1,14
7,4	0,35
7,5	-0,47
7,6	-1,24
7,7	-1,87
7,8	-2,30
7,9	-2,48
8,0	-2,39
8,1	-2,04
8,2	-1,46
8,3	-0,73
8,4	0,07
8,5	0,87
8,6	1,58
8,7	2,11
8,8	2,39
8,9	2,43
9,0	2,18
9,1	1,68
9,2	1,00
9,3	0,21
9,4	-0,60
9,5	-1,35
9,6	-1,94
9,7	-2,33
9,8	-2,46
9,9	-2,33
10,0	-1,94
10,1	-1,34
10,2	-0,61
10,3	0,21
10,4	1,00
10,5	1,67
10,6	2,15
10,7	2,40
10,8	2,38
10,9	2,09
11,0	1,56
11,1	0,87
11,2	0,08
11,3	-0,73
11,4	-1,44
11,5	-2,01
11,6	-2,35
11,7	-2,45
11,8	-2,27
11,9	-1,84
12,0	-1,22
12,1	-0,46
12,2	0,34
12,3	1,11
12,4	1,75
12,5	2,19
12,6	2,39
12,7	2,33
12,8	2,00
12,9	1,46
13,0	0,75
13,1	-0,05
13,2	-0,84
13,3	-1,53
13,4	-2,06
13,5	-2,37
13,6	-2,41
13,7	-2,20
13,8	-1,74
13,9	-1,10
14,0	-0,34
14,1	0,46
14,2	1,21
14,3	1,82
14,4	2,23
14,5	2,39
14,6	2,27
14,7	1,92
14,8	1,34
14,9	0,62
15,0	-0,17
15,1	-0,94
15,2	-1,62
15,3	-2,10
15,4	-2,37
15,5	-2,37
15,6	-2,12
15,7	-1,63
15,8	-0,97
15,9	-0,21
16,0	0,58
16,1	1,31
16,2	1,89
16,3	2,25
16,4	2,36
16,5	2,22
16,6	1,82
16,7	1,22
16,8	0,49
16,9	-0,30
17,0	-1,06
17,1	-1,70
17,2	-2,16
17,3	-2,37
17,4	-2,33
17,5	-2,04
17,6	-1,52
17,7	-0,85
17,8	-0,07
17,9	0,70
18,0	1,41
18,1	1,95
18,2	2,27
18,3	2,35
18,4	2,15
18,5	1,71
18,6	1,10
18,7	0,35
18,8	-0,43
18,9	-1,17
19,0	-1,77
19,1	-2,19
19,2	-2,36
19,3	-2,28
19,4	-1,95
19,5	-1,41
19,6	-0,71
19,7	0,06
19,8	0,82
19,9	1,50
20,0	2,00
20,1	2,28
20,2	2,31
20,3	2,08
20,4	1,63
20,5	0,98
20,6	0,23
20,7	-0,55
20,8	-1,26
20,9	-1,85
21,0	-2,21
21,1	-2,35
21,2	-2,23
21,3	-1,87
21,4	-1,30
21,5	-0,60
21,6	0,18
21,7	0,94
21,8	1,58
21,9	2,04
22,0	2,28
22,1	2,27
22,2	2,00
22,3	1,51
22,4	0,86
22,5	0,10
22,6	-0,66
22,7	-1,35
22,8	-1,90
22,9	-2,24
23,0	-2,33
23,1	-2,17
23,2	-1,77
23,3	-1,18
23,4	-0,47
23,5	0,31
23,6	1,04
23,7	1,66
23,8	2,08
23,9	2,28
24,0	2,23
24,1	1,92
24,2	1,41
24,3	0,75
24,4	-0,02
24,5	-0,77
24,6	-1,45
24,7	-1,95
24,8	-2,25
24,9	-2,30
25,0	-2,10
25,1	-1,68
25,2	-1,07
25,3	-0,34
25,4	0,42
25,5	1,14
25,6	1,72
25,7	2,11
25,8	2,27
25,9	2,19
26,0	1,84
26,1	1,30
26,2	0,62
26,3	-0,13
26,4	-0,89
26,5	-1,53
26,6	-2,00
26,7	-2,25
26,8	-2,27
26,9	-2,03
27,0	-1,57
27,1	-0,95
27,2	-0,22
27,3	0,53
27,4	1,23
27,5	1,79
27,6	2,14
27,7	2,26
27,8	2,12
27,9	1,75
28,0	1,19
28,1	0,50
28,2	-0,26
28,3	-0,98
28,4	-1,61
28,5	-2,04
28,6	-2,25
28,7	-2,23
28,8	-1,96
28,9	-1,47
29,0	-0,83
29,1	-0,09
29,2	0,64
29,3	1,32
29,4	1,84
29,5	2,16
29,6	2,23
29,7	2,07
29,8	1,67
29,9	1,07
30,0	0,36
30,1	-0,38
30,2	-1,09
30,3	-1,67
30,4	-2,07
30,5	-2,25
30,6	-2,18
30,7	-1,89
30,8	-1,38
30,9	-0,72
31,0	0,03
31,1	0,75
31,2	1,40
31,3	1,89
31,4	2,17
31,5	2,21
31,6	1,99
31,7	1,56
31,8	0,95
31,9	0,25
32,0	-0,49
32,1	-1,18
32,2	-1,73
32,3	-2,09
32,4	-2,24
32,5	-2,13
32,6	-1,80
32,7	-1,27
32,8	-0,59
32,9	0,13
33,0	0,86
33,1	1,47
33,2	1,94
33,3	2,18
33,4	2,18
33,5	1,92
33,6	1,47
33,7	0,84
33,8	0,13
33,9	-0,60
34,0	-1,26
34,1	-1,79
34,2	-2,12
34,3	-2,22
34,4	-2,09
34,5	-1,72
34,6	-1,16
34,7	-0,49
34,8	0,25
34,9	0,95
35,0	1,55
35,1	1,98
35,2	2,18
35,3	2,14
35,4	1,86
35,5	1,38
35,6	0,74
35,7	0,02
35,8	-0,72
35,9	-1,35
36,0	-1,84
36,1	-2,13
36,2	-2,20
36,3	-2,02
36,4	-1,62
36,5	-1,05
36,6	-0,37
36,7	0,36
36,8	1,05
36,9	1,62
37,0	2,00
37,1	2,16
37,2	2,09
37,3	1,78
37,4	1,27
37,5	0,63
37,6	-0,09
37,7	-0,81
37,8	-1,42
37,9	-1,89
38,0	-2,14
38,1	-2,17
38,2	-1,96
38,3	-1,53
38,4	-0,94
38,5	-0,25
38,6	0,47
38,7	1,14
38,8	1,67
38,9	2,03
39,0	2,15
39,1	2,04
39,2	1,71
39,3	1,16
39,4	0,51
39,5	-0,21
39,6	-0,89
39,7	-1,49
39,8	-1,93
39,9	-2,14
40,0	-2,13
40,1	-1,89
40,2	-1,43
40,3	-0,83
40,4	-0,13
40,5	0,57
40,6	1,22
40,7	1,73
40,8	2,05
40,9	2,14
41,0	1,99
41,1	1,61
41,2	1,07
41,3	0,40
41,4	-0,32
41,5	-1,00
41,6	-1,56
41,7	-1,96
41,8	-2,14
41,9	-2,09
42,0	-1,82
42,1	-1,34
42,2	-0,72
42,3	-0,02
42,4	0,67
42,5	1,30
42,6	1,78
42,7	2,06
42,8	2,11
42,9	1,93
43,0	1,53
43,1	0,95
43,2	0,29
43,3	-0,42
43,4	-1,08
43,5	-1,62
43,6	-1,98
43,7	-2,13
43,8	-2,05
43,9	-1,74
44,0	-1,24
44,1	-0,61
44,2	0,08
44,3	0,78
44,4	1,37
44,5	1,83
44,6	2,07
44,7	2,08
44,8	1,86
44,9	1,44
45,0	0,87
45,1	0,19
45,2	-0,52
45,3	-1,17
45,4	-1,67
45,5	-2,01
45,6	-2,12
45,7	-2,00
45,8	-1,66
45,9	-1,14
46,0	-0,51
46,1	0,19
46,2	0,87
46,3	1,44
46,4	1,86
46,5	2,07
46,6	2,04
46,7	1,79
46,8	1,35
46,9	0,75
47,0	0,07
47,1	-0,62
47,2	-1,25
47,3	-1,73
47,4	-2,01
47,5	-2,09
47,6	-1,94
47,7	-1,58
47,8	-1,05
47,9	-0,40
48,0	0,29
48,1	0,95
48,2	1,51
48,3	1,88
48,4	2,06
48,5	2,00
48,6	1,72
48,7	1,25
48,8	0,64
48,9	-0,04
49,0	-0,71
49,1	-1,31
49,2	-1,77
49,3	-2,03
49,4	-2,07
49,5	-1,89
49,6	-1,50
49,7	-0,95
49,8	-0,29
49,9	0,40
50,0	1,04
50,1	1,56
50,2	1,91
50,3	2,05
50,4	1,95
50,5	1,64
50,6	1,15
50,7	0,55
50,8	-0,15
50,9	-0,81
51,0	-1,38
51,1	-1,81
51,2	-2,03
51,3	-2,04
51,4	-1,82
51,5	-1,41
51,6	-0,84
51,7	-0,19
51,8	0,49
51,9	1,11
52,0	1,62
52,1	1,94
52,2	2,03
52,3	1,91
52,4	1,58
52,5	1,06
52,6	0,44
52,7	-0,25
52,8	-0,89
52,9	-1,44
53,0	-1,84
53,1	-2,03
53,2	-2,01
53,3	-1,76
53,4	-1,32
53,5	-0,73
53,6	-0,08
53,7	0,59
53,8	1,19
53,9	1,66
54,0	1,95
54,1	2,01
54,2	1,86
54,3	1,49
54,4	0,96
54,5	0,32
54,6	-0,34
54,7	-0,97
54,8	-1,50
54,9	-1,86
55,0	-2,02
55,1	-1,97
55,2	-1,69
55,3	-1,23
55,4	-0,63
55,5	0,02
55,6	0,67
55,7	1,27
55,8	1,70
55,9	1,95
56,0	1,99
56,1	1,80
56,2	1,41
56,3	0,87
56,4	0,23
56,5	-0,43
56,6	-1,05
56,7	-1,55
56,8	-1,89
56,9	-2,01
57,0	-1,92
57,1	-1,61
57,2	-1,13
57,3	-0,53
57,4	0,11
57,5	0,76
57,6	1,32
57,7	1,74
57,8	1,95
57,9	1,95
58,0	1,74
58,1	1,32
58,2	0,76
58,3	0,13
58,4	-0,53
58,5	-1,13
58,6	-1,60
58,7	-1,90
58,8	-1,99
58,9	-1,87
59,0	-1,54
59,1	-1,05
59,2	-0,43
59,3	0,23
59,4	0,86
59,5	1,39
59,6	1,77
59,7	1,95
59,8	1,92
59,9	1,67
60,0	1,24
60,1	0,67
60,2	0,03
60,3	-0,62
60,4	-1,21
60,5	-1,65
60,6	-1,91
60,7	-1,97
60,8	-1,81
60,9	-1,46
61,0	-0,95
61,1	-0,33
61,2	0,32
61,3	0,93
61,4	1,44
61,5	1,79
61,6	1,95
61,7	1,87
61,8	1,60
61,9	1,15
62,0	0,57
62,1	-0,07
62,2	-0,70
62,3	-1,26
62,4	-1,68
62,5	-1,92
62,6	-1,94
62,7	-1,76
62,8	-1,38
62,9	-0,85
63,0	-0,23
63,1	0,41
63,2	1,01
63,3	1,49
63,4	1,81
63,5	1,93
63,6	1,83
63,7	1,54
63,8	1,07
63,9	0,48
64,0	-0,17
64,1	-0,79
64,2	-1,33
64,3	-1,71
64,4	-1,92
64,5	-1,91
64,6	-1,70
64,7	-1,30
64,8	-0,76
64,9	-0,14
65,0	0,50
65,1	1,07
65,2	1,54
65,3	1,83
65,4	1,91
65,5	1,79
65,6	1,46
65,7	0,97
65,8	0,38
65,9	-0,26
66,0	-0,86
66,1	-1,37
66,2	-1,74
66,3	-1,91
66,4	-1,87
66,5	-1,63
66,6	-1,22
66,7	-0,67
66,8	-0,04
66,9	0,59
67,0	1,15
67,1	1,58
67,2	1,83
67,3	1,89
67,4	1,73
67,5	1,39
67,6	0,88
67,7	0,27
67,8	-0,36
67,9	-0,94
68,0	-1,43
68,1	-1,77
68,2	-1,90
68,3	-1,83
68,4	-1,57
68,5	-1,13
68,6	-0,57
68,7	0,05
68,8	0,67
68,9	1,22
69,0	1,62
69,1	1,84
69,2	1,87
69,3	1,67
69,4	1,31
69,5	0,79
69,6	0,19
69,7	-0,44
69,8	-1,02
69,9	-1,48
70,0	-1,78
70,1	-1,89
70,2	-1,79
70,3	-1,49
70,4	-1,05
70,5	-0,48
70,6	0,15
70,7	0,75
70,8	1,27
70,9	1,64
71,0	1,84
71,1	1,83
71,2	1,62
71,3	1,23
71,4	0,70
71,5	0,09
71,6	-0,53
71,7	-1,08
71,8	-1,52
71,9	-1,79
72,0	-1,87
72,1	-1,74
72,2	-1,42
72,3	-0,96
72,4	-0,37
72,5	0,23
72,6	0,83
72,7	1,32
72,8	1,67
72,9	1,83
73,0	1,79
73,1	1,55
73,2	1,15
73,3	0,61
73,4	0,01
73,5	-0,61
73,6	-1,15
73,7	-1,55
73,8	-1,80
73,9	-1,85
74,0	-1,69
74,1	-1,35
74,2	-0,87
74,3	-0,29
74,4	0,32
74,5	0,90
74,6	1,37
74,7	1,69
74,8	1,83
74,9	1,75
75,0	1,50
75,1	1,06
75,2	0,51
75,3	-0,09
75,4	-0,68
75,5	-1,20
75,6	-1,58
75,7	-1,80
75,8	-1,82
75,9	-1,64
76,0	-1,28
76,1	-0,78
76,2	-0,21
76,3	0,41
76,4	0,96
76,5	1,42
76,6	1,71
76,7	1,81
76,8	1,71
76,9	1,43
77,0	0,98
77,1	0,43
77,2	-0,17
77,3	-0,76
77,4	-1,25
77,5	-1,61
77,6	-1,80
77,7	-1,79
77,8	-1,58
77,9	-1,21
78,0	-0,70
78,1	-0,11
78,2	0,48
78,3	1,03
78,4	1,46
78,5	1,72
78,6	1,79
78,7	1,67
78,8	1,36
78,9	0,89
79,0	0,34
79,1	-0,27
79,2	-0,83
79,3	-1,30
79,4	-1,64
79,5	-1,79
79,6	-1,75
79,7	-1,53
79,8	-1,13
79,9	-0,61
80,0	-0,02
80,1	0,57
80,2	1,10
80,3	1,49
80,4	1,73
80,5	1,77
80,6	1,62
80,7	1,29
80,8	0,81
80,9	0,24
81,0	-0,35
81,1	-0,90
81,2	-1,35
81,3	-1,66
81,4	-1,78
81,5	-1,71
81,6	-1,46
81,7	-1,05
81,8	-0,51
81,9	0,07
82,0	0,64
82,1	1,15
82,2	1,52
82,3	1,73
82,4	1,75
82,5	1,56
82,6	1,21
82,7	0,72
82,8	0,16
82,9	-0,42
83,0	-0,96
83,1	-1,39
83,2	-1,67
83,3	-1,77
83,4	-1,67
83,5	-1,39
83,6	-0,97
83,7	-0,43
83,8	0,15
83,9	0,71
84,0	1,19
84,1	1,55
84,2	1,72
84,3	1,71
84,4	1,51
84,5	1,14
84,6	0,63
84,7	0,07
84,8	-0,50
84,9	-1,02
85,0	-1,43
85,1	-1,68
85,2	-1,75
85,3	-1,62
85,4	-1,33
85,5	-0,88
85,6	-0,34
85,7	0,23
85,8	0,79
85,9	1,24
86,0	1,56
86,1	1,71
86,2	1,67
86,3	1,44
86,4	1,06
86,5	0,55
86,6	-0,01
86,7	-0,57
86,8	-1,07
86,9	-1,46
87,0	-1,69
87,1	-1,73
87,2	-1,57
87,3	-1,25
87,4	-0,80
87,5	-0,25
87,6	0,31
87,7	0,84
87,8	1,29
87,9	1,59
88,0	1,71
88,1	1,63
88,2	1,39
88,3	0,99
88,4	0,47
88,5	-0,10
88,6	-0,65
88,7	-1,13
88,8	-1,49
88,9	-1,69
89,0	-1,69
89,1	-1,53
89,2	-1,19
89,3	-0,71
89,4	-0,17
89,5	0,39
89,6	0,91
89,7	1,33
89,8	1,59
89,9	1,69
90,0	1,59
90,1	1,32
90,2	0,91
90,3	0,38
90,4	-0,17
90,5	-0,72
90,6	-1,18
90,7	-1,51
90,8	-1,68
90,9	-1,66
91,0	-1,47
91,1	-1,11
91,2	-0,64
91,3	-0,09
91,4	0,47
91,5	0,97
91,6	1,36
91,7	1,60
91,8	1,67
91,9	1,55
92,0	1,26
92,1	0,83
92,2	0,30
92,3	-0,25
92,4	-0,78
92,5	-1,22
92,6	-1,53
92,7	-1,67
92,8	-1,63
92,9	-1,41
93,0	-1,04
93,1	-0,55
93,2	-0,01
93,3	0,55
93,4	1,03
93,5	1,39
93,6	1,61
93,7	1,64
93,8	1,50
93,9	1,19
94,0	0,75
94,1	0,23
94,2	-0,33
94,3	-0,84
94,4	-1,26
94,5	-1,54
94,6	-1,65
94,7	-1,59
94,8	-1,35
94,9	-0,96
95,0	-0,47
95,1	0,07
95,2	0,60
95,3	1,07
95,4	1,42
95,5	1,60
95,6	1,62
95,7	1,45
95,8	1,11
95,9	0,67
96,0	0,14
96,1	-0,40
96,2	-0,89
96,3	-1,29
96,4	-1,55
96,5	-1,64
96,6	-1,55
96,7	-1,29
96,8	-0,89
96,9	-0,39
97,0	0,14
97,1	0,67
97,2	1,12
97,3	1,44
97,4	1,60
97,5	1,59
97,6	1,39
97,7	1,05
97,8	0,59
97,9	0,07
98,0	-0,47
98,1	-0,95
98,2	-1,33
98,3	-1,56
98,4	-1,62
98,5	-1,50
98,6	-1,22
98,7	-0,81
98,8	-0,31
98,9	0,23
99,0	0,74
99,1	1,16
99,2	1,46
99,3	1,59
99,4	1,55
99,5	1,34
99,6	0,99
99,7	0,51
99,8	-0,01
99,9	-0,54
100,0	-1,00
100,1	-1,35
100,2	-1,56
100,3	-1,60
100,4	-1,46
100,5	-1,17
100,6	-0,73
100,7	-0,23
100,8	0,30
100,9	0,79
101,0	1,19
101,1	1,47
101,2	1,58
101,3	1,51
101,4	1,28
101,5	0,91
101,6	0,43
101,7	-0,09
101,8	-0,60
101,9	-1,05
102,0	-1,38
102,1	-1,56
102,2	-1,57
102,3	-1,41
102,4	-1,09
102,5	-0,66
102,6	-0,16
102,7	0,36
102,8	0,84
102,9	1,23
103,0	1,47
103,1	1,56
103,2	1,47
103,3	1,23
103,4	0,83
103,5	0,36
103,6	-0,16
103,7	-0,66
103,8	-1,09
103,9	-1,40
104,0	-1,55
104,1	-1,53
104,2	-1,35
104,3	-1,02
104,4	-0,59
104,5	-0,08
104,6	0,43
104,7	0,89
104,8	1,26
104,9	1,48
105,0	1,55
105,1	1,43
105,2	1,15
105,3	0,76
105,4	0,27
105,5	-0,24
105,6	-0,72
105,7	-1,13
105,8	-1,41
105,9	-1,54
106,0	-1,50
106,1	-1,30
106,2	-0,96
106,3	-0,51
106,4	-0,01
106,5	0,50
106,6	0,95
106,7	1,29
106,8	1,49
106,9	1,52
107,0	1,39
107,1	1,10
107,2	0,69
107,3	0,20
107,4	-0,30
107,5	-0,78
107,6	-1,17
107,7	-1,43
107,8	-1,53
107,9	-1,47
108,0	-1,25
108,1	-0,89
108,2	-0,43
108,3	0,07
108,4	0,56
108,5	0,99
108,6	1,31
108,7	1,48
108,8	1,50
108,9	1,34
109,0	1,03
109,1	0,61
109,2	0,13
109,3	-0,37
109,4	-0,84
109,5	-1,20
109,6	-1,44
109,7	-1,52
109,8	-1,43
109,9	-1,19
110,0	-0,81
110,1	-0,36
110,2	0,14
110,3	0,63
110,4	1,04
110,5	1,34
110,6	1,48
110,7	1,47
110,8	1,29
110,9	0,97
111,0	0,54
111,1	0,05
111,2	-0,44
111,3	-0,89
111,4	-1,23
111,5	-1,44
111,6	-1,50
111,7	-1,39
111,8	-1,13
111,9	-0,74
112,0	-0,28
112,1	0,22
112,2	0,68
112,3	1,08
112,4	1,35
112,5	1,47
112,6	1,43
112,7	1,24
112,8	0,91
112,9	0,46
113,0	-0,02
113,1	-0,50
113,2	-0,93
113,3	-1,26
113,4	-1,45
113,5	-1,48
113,6	-1,34
113,7	-1,06
113,8	-0,67
113,9	-0,21
114,0	0,28
114,1	0,74
114,2	1,11
114,3	1,36
114,4	1,47
114,5	1,40
114,6	1,18
114,7	0,83
114,8	0,39
114,9	-0,09
115,0	-0,57
115,1	-0,98
115,2	-1,28
115,3	-1,45
115,4	-1,45
115,5	-1,30
115,6	-1,01
115,7	-0,61
115,8	-0,13
115,9	0,35
116,0	0,79
116,1	1,15
116,2	1,38
116,3	1,45
116,4	1,36
116,5	1,12
116,6	0,76
116,7	0,32
116,8	-0,16
116,9	-0,63
117,0	-1,02
117,1	-1,30
117,2	-1,44
117,3	-1,42
117,4	-1,25
117,5	-0,94
117,6	-0,53
117,7	-0,05
117,8	0,42
117,9	0,84
118,0	1,18
118,1	1,39
118,2	1,43
118,3	1,32
118,4	1,07
118,5	0,70
118,6	0,25
118,7	-0,23
118,8	-0,68
118,9	-1,05
119,0	-1,32
119,1	-1,43
119,2	-1,39
119,3	-1,20
119,4	-0,88
119,5	-0,46
119,6	0,01
119,7	0,47
119,8	0,89
119,9	1,20
120,0	1,39
120,1	1,41
120,2	1,28
120,3	1,01
120,4	0,63
120,5	0,18
120,6	-0,29
120,7	-0,73
120,8	-1,09
120,9	-1,33
121,0	-1,42
121,1	-1,36
121,2	-1,15
121,3	-0,81
121,4	-0,38
121,5	0,07
121,6	0,53
121,7	0,93
121,8	1,23
121,9	1,39
122,0	1,39
122,1	1,23
122,2	0,95
122,3	0,56
122,4	0,11
122,5	-0,36
122,6	-0,78
122,7	-1,12
122,8	-1,33
122,9	-1,41
123,0	-1,33
123,1	-1,09
123,2	-0,75
123,3	-0,32
123,4	0,15
123,5	0,59
123,6	0,97
123,7	1,24
123,8	1,38
123,9	1,36
124,0	1,19
124,1	0,89
124,2	0,49
124,3	0,04
124,4	-0,42
124,5	-0,83
124,6	-1,15
124,7	-1,34
124,8	-1,39
124,9	-1,29
125,0	-1,04
125,1	-0,67
125,2	-0,25
125,3	0,22
125,4	0,65
125,5	1,01
125,6	1,26
125,7	1,37
125,8	1,33
125,9	1,14
126,0	0,83
126,1	0,43
126,2	-0,03
126,3	-0,48
126,4	-0,87
126,5	-1,17
126,6	-1,34
126,7	-1,37
126,8	-1,24
126,9	-0,98
127,0	-0,61
127,1	-0,18
127,2	0,28
127,3	0,70
127,4	1,04
127,5	1,27
127,6	1,35
127,7	1,30
127,8	1,09
127,9	0,76
128,0	0,35
128,1	-0,09
128,2	-0,53
128,3	-0,91
128,4	-1,19
128,5	-1,34
128,6	-1,34
128,7	-1,20
128,8	-0,92
128,9	-0,55
129,0	-0,11
129,1	0,34
129,2	0,75
129,3	1,07
129,4	1,27
129,5	1,35
129,6	1,26
129,7	1,03
129,8	0,70
129,9	0,27
130,0	-0,17
130,1	-0,59
130,2	-0,95
130,3	-1,21
130,4	-1,33
130,5	-1,32
130,6	-1,15
130,7	-0,86
130,8	-0,47
130,9	-0,04
131,0	0,40
131,1	0,79
131,2	1,10
131,3	1,28
131,4	1,32
131,5	1,23
131,6	0,98
131,7	0,63
131,8	0,22
131,9	-0,22
132,0	-0,64
132,1	-0,99
132,2	-1,22
132,3	-1,33
132,4	-1,29
132,5	-1,10
132,6	-0,81
132,7	-0,41
132,8	0,03
132,9	0,45
133,0	0,83
133,1	1,12
133,2	1,28
133,3	1,31
133,4	1,19
133,5	0,93
133,6	0,57
133,7	0,15
133,8	-0,29
133,9	-0,69
134,0	-1,01
134,1	-1,23
134,2	-1,32
134,3	-1,25
134,4	-1,05
134,5	-0,74
134,6	-0,34
134,7	0,09
134,8	0,51
134,9	0,87
135,0	1,15
135,1	1,28
135,2	1,28
135,3	1,14
135,4	0,87
135,5	0,51
135,6	0,08
135,7	-0,34
135,8	-0,73
135,9	-1,05
136,0	-1,24
136,1	-1,30
136,2	-1,22
136,3	-1,00
136,4	-0,68
136,5	-0,28
136,6	0,15
136,7	0,55
136,8	0,91
136,9	1,16
137,0	1,27
137,1	1,26
137,2	1,09
137,3	0,81
137,4	0,44
137,5	0,02
137,6	-0,40
137,7	-0,78
137,8	-1,07
137,9	-1,25
138,0	-1,29
138,1	-1,18
138,2	-0,95
138,3	-0,61
138,4	-0,21
138,5	0,21
138,6	0,61
138,7	0,95
138,8	1,17
138,9	1,27
139,0	1,23
139,1	1,05
139,2	0,75
139,3	0,38
139,4	-0,04
139,5	-0,45
139,6	-0,82
139,7	-1,09
139,8	-1,25
139,9	-1,26
140,0	-1,14
140,1	-0,90
140,2	-0,55
140,3	-0,15
140,4	0,27
140,5	0,66
140,6	0,97
140,7	1,18
140,8	1,26
140,9	1,19
141,0	1,00
141,1	0,69
141,2	0,31
141,3	-0,10
141,4	-0,51
141,5	-0,85
141,6	-1,11
141,7	-1,24
141,8	-1,24
141,9	-1,10
142,0	-0,85
142,1	-0,49
142,2	-0,09
142,3	0,32
142,4	0,70
142,5	1,00
142,6	1,19
142,7	1,24
142,8	1,15
142,9	0,95
143,0	0,63
143,1	0,25
143,2	-0,17
143,3	-0,56
143,4	-0,89
143,5	-1,12
143,6	-1,23
143,7	-1,21
143,8	-1,05
143,9	-0,78
144,0	-0,42
144,1	-0,02
144,2	0,38
144,3	0,74
144,4	1,02
144,5	1,19
144,6	1,23
144,7	1,12
144,8	0,90
144,9	0,57
145,0	0,18
145,1	-0,22
145,2	-0,61
145,3	-0,92
145,4	-1,13
145,5	-1,22
145,6	-1,18
145,7	-1,01
145,8	-0,73
145,9	-0,37
146,0	0,04
146,1	0,43
146,2	0,78
146,3	1,04
146,4	1,19
146,5	1,20
146,6	1,08
146,7	0,84
146,8	0,51
146,9	0,12
147,0	-0,28
147,1	-0,65
147,2	-0,94
147,3	-1,14
147,4	-1,21
147,5	-1,15
147,6	-0,97
147,7	-0,67
147,8	-0,30
147,9	0,09
148,0	0,48
148,1	0,82
148,2	1,06
148,3	1,19
148,4	1,18
148,5	1,04
148,6	0,79
148,7	0,45
148,8	0,07
148,9	-0,33
149,0	-0,69
149,1	-0,97
149,2	-1,15
149,3	-1,20
149,4	-1,12
149,5	-0,91
149,6	-0,61
149,7	-0,25
149,8	0,15
149,9	0,53
150,0	0,84
150,1	1,07
150,2	1,18
150,3	1,15
150,4	1,00
150,5	0,74
150,6	0,39
150,7	0,00
150,8	-0,38
150,9	-0,73
151,0	-0,99
151,1	-1,15
151,2	-1,18
151,3	-1,08
151,4	-0,86
151,5	-0,55
151,6	-0,18
151,7	0,21
151,8	0,58
151,9	0,87
152,0	1,08
152,1	1,17
152,2	1,12
152,3	0,95
152,4	0,68
152,5	0,33
152,6	-0,05
152,7	-0,43
152,8	-0,76
152,9	-1,01
153,0	-1,15
153,1	-1,16
153,2	-1,05
153,3	-0,81
153,4	-0,49
153,5	-0,12
153,6	0,26
153,7	0,62
153,8	0,90
153,9	1,09
154,0	1,15
154,1	1,10
154,2	0,91
154,3	0,63
154,4	0,27
154,5	-0,11
154,6	-0,48
154,7	-0,79
154,8	-1,02
154,9	-1,14
155,0	-1,14
155,1	-1,01
155,2	-0,77
155,3	-0,44
155,4	-0,07
155,5	0,31
155,6	0,66
155,7	0,93
155,8	1,09
155,9	1,14
156,0	1,06
156,1	0,86
156,2	0,57
156,3	0,22
156,4	-0,17
156,5	-0,52
156,6	-0,82
156,7	-1,04
156,8	-1,13
156,9	-1,11
157,0	-0,97
157,1	-0,71
157,2	-0,38
157,3	-0,01
157,4	0,36
157,5	0,69
157,6	0,95
157,7	1,10
157,8	1,12
157,9	1,03
158,0	0,82
158,1	0,51
158,2	0,16
158,3	-0,21
158,4	-0,56
158,5	-0,85
158,6	-1,05
158,7	-1,13
158,8	-1,08
158,9	-0,92
159,0	-0,65
159,1	-0,32
159,2	0,05
159,3	0,41
159,4	0,72
159,5	0,96
159,6	1,09
159,7	1,11
159,8	0,99
159,9	0,76
160,0	0,46
160,1	0,10
160,2	-0,27
160,3	-0,60
160,4	-0,87
160,5	-1,05
160,6	-1,11
160,7	-1,05
160,8	-0,87
160,9	-0,61
161,0	-0,27
161,1	0,10
161,2	0,46
161,3	0,75
161,4	0,98
161,5	1,08
161,6	1,08
161,7	0,95
161,8	0,71
161,9	0,39
162,0	0,05
162,1	-0,32
162,2	-0,64
162,3	-0,89
162,4	-1,05
162,5	-1,09
162,6	-1,01
162,7	-0,83
162,8	-0,55
162,9	-0,21
163,0	0,15
163,1	0,49
163,2	0,79
163,3	0,99
163,4	1,07
163,5	1,05
163,6	0,91
163,7	0,67
163,8	0,35
163,9	-0,01
164,0	-0,36
164,1	-0,67
164,2	-0,91
164,3	-1,05
164,4	-1,08
164,5	-0,98
164,6	-0,78
164,7	-0,49
164,8	-0,16
164,9	0,20
165,0	0,54
165,1	0,81
165,2	0,99
165,3	1,07
165,4	1,03
165,5	0,87
165,6	0,62
165,7	0,29
165,8	-0,06
165,9	-0,41
166,0	-0,70
166,1	-0,93
166,2	-1,05
166,3	-1,05
166,4	-0,94
166,5	-0,73
166,6	-0,45
166,7	-0,10
166,8	0,25
166,9	0,57
167,0	0,83
167,1	0,99
167,2	1,05
167,3	0,99
167,4	0,82
167,5	0,56
167,6	0,24
167,7	-0,11
167,8	-0,45
167,9	-0,73
168,0	-0,93
168,1	-1,04
168,2	-1,03
168,3	-0,91
168,4	-0,68
168,5	-0,39
168,6	-0,05
168,7	0,30
168,8	0,60
168,9	0,85
169,0	0,99
169,1	1,03
169,2	0,96
169,3	0,78
169,4	0,51
169,5	0,19
169,6	-0,16
169,7	-0,48
169,8	-0,75
169,9	-0,94
170,0	-1,03
170,1	-1,01
170,2	-0,87
170,3	-0,63
170,4	-0,34
170,5	0,00
170,6	0,34
170,7	0,63
170,8	0,87
170,9	0,99
171,0	1,02
171,1	0,92
171,2	0,73
171,3	0,46
171,4	0,14
171,5	-0,20
171,6	-0,52
171,7	-0,77
171,8	-0,95
171,9	-1,01
172,0	-0,97
172,1	-0,82
172,2	-0,58
172,3	-0,28
172,4	0,06
172,5	0,38
172,6	0,66
172,7	0,87
172,8	0,99
172,9	0,99
173,0	0,89
173,1	0,68
173,2	0,41
173,3	0,08
173,4	-0,25
173,5	-0,55
173,6	-0,80
173,7	-0,95
173,8	-1,00
173,9	-0,94
174,0	-0,78
174,1	-0,53
174,2	-0,22
174,3	0,10
174,4	0,42
174,5	0,69
174,6	0,88
174,7	0,98
174,8	0,97
174,9	0,85
175,0	0,63
175,1	0,35
175,2	0,03
175,3	-0,29
175,4	-0,59
175,5	-0,81
175,6	-0,95
175,7	-0,99
175,8	-0,91
175,9	-0,74
176,0	-0,49
176,1	-0,18
176,2	0,15
176,3	0,46
176,4	0,71
176,5	0,89
176,6	0,97
176,7	0,95
176,8	0,81
176,9	0,59
177,0	0,31
177,1	-0,01
177,2	-0,33
177,3	-0,61
177,4	-0,83
177,5	-0,95
177,6	-0,97
177,7	-0,88
177,8	-0,69
177,9	-0,44
178,0	-0,13
178,1	0,19
178,2	0,49
178,3	0,74
178,4	0,90
178,5	0,95
178,6	0,91
178,7	0,77
178,8	0,55
178,9	0,25
179,0	-0,06
179,1	-0,37
179,2	-0,64
179,3	-0,84
179,4	-0,94
179,5	-0,94
179,6	-0,85
179,7	-0,65
179,8	-0,38
179,9	-0,08
180,0	0,23
180,1	0,52
180,2	0,75
180,3	0,90
180,4	0,95
180,5	0,88
180,6	0,73
180,7	0,49
180,8	0,20
180,9	-0,11
181,0	-0,41
181,1	-0,66
181,2	-0,85
181,3	-0,93
181,4	-0,92
181,5	-0,81
181,6	-0,61
181,7	-0,33
181,8	-0,03
181,9	0,27
182,0	0,55
182,1	0,76
182,2	0,90
182,3	0,93
182,4	0,86
182,5	0,69
182,6	0,45
182,7	0,16
182,8	-0,15
182,9	-0,44
183,0	-0,69
183,1	-0,85
183,2	-0,92
183,3	-0,89
183,4	-0,77
183,5	-0,56
183,6	-0,29
183,7	0,02
183,8	0,31
183,9	0,58
184,0	0,78
184,1	0,89
184,2	0,91
184,3	0,82
184,4	0,64
184,5	0,40
184,6	0,11
184,7	-0,20
184,8	-0,47
184,9	-0,70
185,0	-0,85
185,1	-0,91
185,2	-0,87
185,3	-0,73
185,4	-0,51
185,5	-0,24
185,6	0,06
185,7	0,35
185,8	0,60
185,9	0,79
186,0	0,88
186,1	0,88
186,2	0,79
186,3	0,60
186,4	0,35
186,5	0,07
186,6	-0,23
186,7	-0,50
186,8	-0,71
186,9	-0,85
187,0	-0,89
187,1	-0,84
187,2	-0,69
187,3	-0,46
187,4	-0,19
187,5	0,10
187,6	0,38
187,7	0,62
187,8	0,79
187,9	0,87
188,0	0,86
188,1	0,75
188,2	0,55
188,3	0,31
188,4	0,02
188,5	-0,27
188,6	-0,53
188,7	-0,73
188,8	-0,85
188,9	-0,87
189,0	-0,81
189,1	-0,65
189,2	-0,42
189,3	-0,14
189,4	0,14
189,5	0,42
189,6	0,64
189,7	0,79
189,8	0,86
189,9	0,83
190,0	0,71
190,1	0,51
190,2	0,26
190,3	-0,02
190,4	-0,30
190,5	-0,55
190,6	-0,73
190,7	-0,84
190,8	-0,85
190,9	-0,77
191,0	-0,61
191,1	-0,37
191,2	-0,10
191,3	0,18
191,4	0,44
191,5	0,66
191,6	0,79
191,7	0,85
191,8	0,80
191,9	0,67
192,0	0,47
192,1	0,21
192,2	-0,07
192,3	-0,34
192,4	-0,57
192,5	-0,74
192,6	-0,83
192,7	-0,83
192,8	-0,74
192,9	-0,57
193,0	-0,33
193,1	-0,05
193,2	0,22
193,3	0,47
193,4	0,67
193,5	0,79
193,6	0,83
193,7	0,78
193,8	0,63
193,9	0,43
194,0	0,17
194,1	-0,11
194,2	-0,37
194,3	-0,59
194,4	-0,75
194,5	-0,82
194,6	-0,81
194,7	-0,70
194,8	-0,53
194,9	-0,29
195,0	-0,01
195,1	0,25
195,2	0,50
195,3	0,68
195,4	0,79
195,5	0,82
195,6	0,75
195,7	0,59
195,8	0,38
195,9	0,12
196,0	-0,14
196,1	-0,40
196,2	-0,61
196,3	-0,75
196,4	-0,81
196,5	-0,78
196,6	-0,67
196,7	-0,48
196,8	-0,25
196,9	0,03
197,0	0,29
197,1	0,51
197,2	0,69
197,3	0,79
197,4	0,79
197,5	0,71
197,6	0,56
197,7	0,34
197,8	0,08
197,9	-0,18
198,0	-0,43
198,1	-0,62
198,2	-0,75
198,3	-0,80
198,4	-0,75
198,5	-0,63
198,6	-0,44
198,7	-0,20
198,8	0,07
198,9	0,31
199,0	0,54
199,1	0,69
199,2	0,78
199,3	0,77
199,4	0,68
199,5	0,51
199,6	0,30
199,7	0,04
199,8	-0,21
199,9	-0,45
200,0	-0,64
200,1	-0,75
200,2	-0,78
200,3	-0,73
200,4	-0,59
200,5	-0,40
200,6	-0,15
200,7	0,11
200,8	0,35
200,9	0,55
201,0	0,70
201,1	0,76
201,2	0,75
201,3	0,65
201,4	0,47
201,5	0,25
201,6	0,00
201,7	-0,25
201,8	-0,47
201,9	-0,65
202,0	-0,74
202,1	-0,77
202,2	-0,70
202,3	-0,56
202,4	-0,35
202,5	-0,11
202,6	0,14
202,7	0,38
202,8	0,57
202,9	0,70
203,0	0,75
203,1	0,72
203,2	0,61
203,3	0,44
203,4	0,21
203,5	-0,04
203,6	-0,28
203,7	-0,49
203,8	-0,65
203,9	-0,73
204,0	-0,74
204,1	-0,66
204,2	-0,52
204,3	-0,31
204,4	-0,07
204,5	0,18
204,6	0,40
204,7	0,58
204,8	0,70
204,9	0,74
205,0	0,70
205,1	0,58
205,2	0,39
205,3	0,17
205,4	-0,07
205,5	-0,31
205,6	-0,51
205,7	-0,65
205,8	-0,73
205,9	-0,72
206,0	-0,64
206,1	-0,48
206,2	-0,27
206,3	-0,03
206,4	0,21
206,5	0,42
206,6	0,59
206,7	0,70
206,8	0,72
206,9	0,67
207,0	0,55
207,1	0,35
207,2	0,13
207,3	-0,11
207,4	-0,33
207,5	-0,53
207,6	-0,66
207,7	-0,72
207,8	-0,70
207,9	-0,61
208,0	-0,44
208,1	-0,23
208,2	0,00
208,3	0,23
208,4	0,44
208,5	0,60
208,6	0,69
208,7	0,71
208,8	0,64
208,9	0,51
209,0	0,32
209,1	0,09
209,2	-0,14
209,3	-0,36
209,4	-0,54
209,5	-0,66
209,6	-0,70
209,7	-0,67
209,8	-0,57
209,9	-0,40
210,0	-0,19
210,1	0,04
210,2	0,27
210,3	0,46
210,4	0,61
210,5	0,68
210,6	0,69
210,7	0,61
210,8	0,47
210,9	0,27
211,0	0,05
211,1	-0,17
211,2	-0,38
211,3	-0,55
211,4	-0,65
211,5	-0,69
211,6	-0,65
211,7	-0,53
211,8	-0,37
211,9	-0,15
212,0	0,07
212,1	0,29
212,2	0,48
212,3	0,61
212,4	0,67
212,5	0,67
212,6	0,58
212,7	0,43
212,8	0,24
212,9	0,02
213,0	-0,21
213,1	-0,41
213,2	-0,56
213,3	-0,65
213,4	-0,67
213,5	-0,62
213,6	-0,50
213,7	-0,33
213,8	-0,11
213,9	0,11
214,0	0,32
214,1	0,49
214,2	0,61
214,3	0,67
214,4	0,64
214,5	0,55
214,6	0,39
214,7	0,20
214,8	-0,02
214,9	-0,23
215,0	-0,42
215,1	-0,57
215,2	-0,65
215,3	-0,66
215,4	-0,59
215,5	-0,47
215,6	-0,29
215,7	-0,08
215,8	0,14
215,9	0,34
216,0	0,51
216,1	0,62
216,2	0,66
216,3	0,63
216,4	0,52
216,5	0,36
216,6	0,16
216,7	-0,05
216,8	-0,26
216,9	-0,45
217,0	-0,57
217,1	-0,64
217,2	-0,64
217,3	-0,57
217,4	-0,43
217,5	-0,25
217,6	-0,05
217,7	0,17
217,8	0,36
217,9	0,52
218,0	0,62
218,1	0,64
218,2	0,60
218,3	0,49
218,4	0,32
218,5	0,13
218,6	-0,09
218,7	-0,29
218,8	-0,45
218,9	-0,57
219,0	-0,63
219,1	-0,62
219,2	-0,54
219,3	-0,40
219,4	-0,21
219,5	-0,01
219,6	0,20
219,7	0,39
219,8	0,53
219,9	0,61
220,0	0,63
220,1	0,57
220,2	0,46
220,3	0,29
220,4	0,09
220,5	-0,12
220,6	-0,31
220,7	-0,47
220,8	-0,58
220,9	-0,62
221,0	-0,60
221,1	-0,51
221,2	-0,37
221,3	-0,18
221,4	0,03
221,5	0,23
221,6	0,40
221,7	0,54
221,8	0,60
221,9	0,61
222,0	0,55
222,1	0,43
222,2	0,26
222,3	0,06
222,4	-0,14
222,5	-0,33
222,6	-0,49
222,7	-0,58
222,8	-0,61
222,9	-0,58
223,0	-0,48
223,1	-0,33
223,2	-0,14
223,3	0,06
223,4	0,25
223,5	0,42
223,6	0,54
223,7	0,60
223,8	0,59
223,9	0,52
224,0	0,39
224,1	0,22
224,2	0,03
224,3	-0,17
224,4	-0,35
224,5	-0,49
224,6	-0,57
224,7	-0,60
224,8	-0,55
224,9	-0,45
225,0	-0,30
225,1	-0,11
225,2	0,09
225,3	0,27
225,4	0,43
225,5	0,54
225,6	0,59
225,7	0,58
225,8	0,50
225,9	0,36
226,0	0,19
226,1	-0,01
226,2	-0,20
226,3	-0,37
226,4	-0,50
226,5	-0,57
226,6	-0,58
226,7	-0,53
226,8	-0,42
226,9	-0,26
227,0	-0,08
227,1	0,11
227,2	0,30
227,3	0,45
227,4	0,55
227,5	0,58
227,6	0,55
227,7	0,47
227,8	0,33
227,9	0,15
228,0	-0,04
228,1	-0,23
228,2	-0,39
228,3	-0,50
228,4	-0,57
228,5	-0,57
228,6	-0,51
228,7	-0,39
228,8	-0,23
228,9	-0,05
229,0	0,15
229,1	0,31
229,2	0,46
229,3	0,54
229,4	0,57
229,5	0,53
229,6	0,44
229,7	0,29
229,8	0,12
229,9	-0,07
230,0	-0,25
230,1	-0,41
230,2	-0,51
230,3	-0,56
230,4	-0,55
230,5	-0,48
230,6	-0,36
230,7	-0,20
230,8	-0,01
230,9	0,17
231,0	0,34
231,1	0,47
231,2	0,54
231,3	0,55
231,4	0,51
231,5	0,41
231,6	0,27
231,7	0,09
231,8	-0,09
231,9	-0,27
232,0	-0,41
232,1	-0,51
232,2	-0,55
232,3	-0,53
232,4	-0,45
232,5	-0,33
232,6	-0,17
232,7	0,02
232,8	0,19
232,9	0,35
233,0	0,47
233,1	0,54
233,2	0,55
233,3	0,49
233,4	0,38
233,5	0,23
233,6	0,06
233,7	-0,13
233,8	-0,29
233,9	-0,42
234,0	-0,51
234,1	-0,54
234,2	-0,51
234,3	-0,43
234,4	-0,29
234,5	-0,13
234,6	0,05
234,7	0,22
234,8	0,37
234,9	0,47
235,0	0,53
235,1	0,53
235,2	0,47
235,3	0,35
235,4	0,20
235,5	0,03
235,6	-0,15
235,7	-0,31
235,8	-0,43
235,9	-0,51
236,0	-0,53
236,1	-0,49
236,2	-0,40
236,3	-0,26
236,4	-0,10
236,5	0,07
236,6	0,24
236,7	0,38
236,8	0,47
236,9	0,52
237,0	0,51
237,1	0,44
237,2	0,32
237,3	0,17
237,4	-0,01
237,5	-0,17
237,6	-0,33
237,7	-0,44
237,8	-0,50
237,9	-0,52
238,0	-0,47
238,1	-0,37
238,2	-0,23
238,3	-0,07
238,4	0,10
238,5	0,26
238,6	0,39
238,7	0,47
238,8	0,51
238,9	0,49
239,0	0,41
239,1	0,29
239,2	0,14
239,3	-0,03
239,4	-0,20
239,5	-0,34
239,6	-0,45
239,7	-0,50
239,8	-0,50
239,9	-0,45
240,0	-0,34
240,1	-0,21
240,2	-0,05
240,3	0,12
240,4	0,27
240,5	0,40
240,6	0,47
240,7	0,50
240,8	0,47
240,9	0,39
241,0	0,26
241,1	0,11
241,2	-0,05
241,3	-0,21
241,4	-0,35
241,5	-0,45
241,6	-0,49
241,7	-0,49
241,8	-0,42
241,9	-0,32
242,0	-0,17
242,1	-0,01
242,2	0,15
242,3	0,29
242,4	0,41
242,5	0,47
242,6	0,49
242,7	0,45
242,8	0,36
242,9	0,23
243,0	0,08
243,1	-0,09
243,2	-0,24
243,3	-0,36
243,4	-0,45
243,5	-0,49
243,6	-0,47
243,7	-0,40
243,8	-0,29
243,9	-0,14
244,0	0,01
244,1	0,17
244,2	0,31
244,3	0,41
244,4	0,47
244,5	0,47
244,6	0,43
244,7	0,33
244,8	0,20
244,9	0,05
245,0	-0,11
245,1	-0,25
245,2	-0,37
245,3	-0,45
245,4	-0,47
245,5	-0,45
245,6	-0,37
245,7	-0,26
245,8	-0,12
245,9	0,04
246,0	0,19
246,1	0,32
246,2	0,42
246,3	0,46
246,4	0,46
246,5	0,40
246,6	0,31
246,7	0,18
246,8	0,03
246,9	-0,13
247,0	-0,27
247,1	-0,37
247,2	-0,45
247,3	-0,46
247,4	-0,43
247,5	-0,35
247,6	-0,23
247,7	-0,09
247,8	0,07
247,9	0,21
248,0	0,33
248,1	0,42
248,2	0,46
248,3	0,44
248,4	0,39
248,5	0,28
248,6	0,15
248,7	-0,01
248,8	-0,15
248,9	-0,28
249,0	-0,38
249,1	-0,44
249,2	-0,45
249,3	-0,41
249,4	-0,33
249,5	-0,21
249,6	-0,06
249,7	0,09
249,8	0,23
249,9	0,34
250,0	0,42
250,1	0,44
250,2	0,43
250,3	0,36
250,4	0,25
250,5	0,12
250,6	-0,03
250,7	-0,17
250,8	-0,29
250,9	-0,38
251,0	-0,43
251,1	-0,44
251,2	-0,39
251,3	-0,30
251,4	-0,18
251,5	-0,04
251,6	0,11
251,7	0,24
251,8	0,35
251,9	0,41
252,0	0,43
252,1	0,41
252,2	0,34
252,3	0,23
252,4	0,09
252,5	-0,05
252,6	-0,19
252,7	-0,30
252,8	-0,39
252,9	-0,43
253,0	-0,42
253,1	-0,37
253,2	-0,27
253,3	-0,15
253,4	-0,01
253,5	0,13
253,6	0,26
253,7	0,35
253,8	0,41
253,9	0,43
254,0	0,39
254,1	0,31
254,2	0,20
254,3	0,07
254,4	-0,07
254,5	-0,21
254,6	-0,31
254,7	-0,39
254,8	-0,41
254,9	-0,41
255,0	-0,34
255,1	-0,25
255,2	-0,13
255,3	0,01
255,4	0,15
255,5	0,27
255,6	0,35
255,7	0,40
255,8	0,41
255,9	0,37
256,0	0,29
256,1	0,17
256,2	0,04
256,3	-0,09
256,4	-0,22
256,5	-0,32
256,6	-0,38
256,7	-0,41
256,8	-0,39
256,9	-0,33
257,0	-0,22
257,1	-0,10
257,2	0,03
257,3	0,17
257,4	0,27
257,5	0,35
257,6	0,39
257,7	0,39
257,8	0,35
257,9	0,27
258,0	0,15
258,1	0,02
258,2	-0,11
258,3	-0,23
258,4	-0,33
258,5	-0,38
258,6	-0,40
258,7	-0,37
258,8	-0,30
258,9	-0,20
259,0	-0,07
259,1	0,06
259,2	0,18
259,3	0,28
259,4	0,35
259,5	0,39
259,6	0,38
259,7	0,33
259,8	0,24
259,9	0,12
260,0	-0,01
260,1	-0,13
260,2	-0,25
260,3	-0,33
260,4	-0,37
260,5	-0,38
260,6	-0,35
260,7	-0,28
260,8	-0,17
260,9	-0,05
261,0	0,07
261,1	0,19
261,2	0,29
261,3	0,35
261,4	0,38
261,5	0,36
261,6	0,31
261,7	0,21
261,8	0,10
261,9	-0,03
262,0	-0,15
262,1	-0,25
262,2	-0,33
262,3	-0,37
262,4	-0,37
262,5	-0,33
262,6	-0,25
262,7	-0,15
262,8	-0,02
262,9	0,10
263,0	0,21
263,1	0,30
263,2	0,35
263,3	0,37
263,4	0,35
263,5	0,28
263,6	0,19
263,7	0,07
263,8	-0,05
263,9	-0,17
264,0	-0,26
264,1	-0,33
264,2	-0,37
264,3	-0,36
264,4	-0,31
264,5	-0,23
264,6	-0,13
264,7	-0,01
264,8	0,11
264,9	0,22
265,0	0,30
265,1	0,35
265,2	0,36
265,3	0,33
265,4	0,27
265,5	0,17
265,6	0,05
265,7	-0,06
265,8	-0,17
265,9	-0,27
266,0	-0,33
266,1	-0,36
266,2	-0,34
266,3	-0,29
266,4	-0,21
266,5	-0,10
266,6	0,02
266,7	0,13
266,8	0,23
266,9	0,31
267,0	0,35
267,1	0,35
267,2	0,31
267,3	0,24
267,4	0,15
267,5	0,03
267,6	-0,09
267,7	-0,19
267,8	-0,27
267,9	-0,33
268,0	-0,35
268,1	-0,33
268,2	-0,27
268,3	-0,18
268,4	-0,08
268,5	0,03
268,6	0,15
268,7	0,23
268,8	0,31
268,9	0,34
269,0	0,34
269,1	0,29
269,2	0,22
269,3	0,12
269,4	0,01
269,5	-0,10
269,6	-0,20
269,7	-0,28
269,8	-0,33
269,9	-0,33
270,0	-0,31
270,1	-0,25
270,2	-0,17
270,3	-0,06
270,4	0,05
270,5	0,15
270,6	0,25
270,7	0,31
270,8	0,33
270,9	0,32
271,0	0,27
271,1	0,19
271,2	0,10
271,3	-0,01
271,4	-0,12
271,5	-0,21
271,6	-0,28
271,7	-0,32
271,8	-0,33
271,9	-0,29
272,0	-0,23
272,1	-0,14
272,2	-0,04
272,3	0,07
272,4	0,17
272,5	0,25
272,6	0,30
272,7	0,32
272,8	0,31
272,9	0,26
273,0	0,18
273,1	0,07
273,2	-0,03
273,3	-0,13
273,4	-0,22
273,5	-0,28
273,6	-0,31
273,7	-0,31
273,8	-0,28
273,9	-0,21
274,0	-0,12
274,1	-0,01
274,2	0,09
274,3	0,18
274,4	0,26
274,5	0,30
274,6	0,31
274,7	0,29
274,8	0,23
274,9	0,15
275,0	0,06
275,1	-0,05
275,2	-0,14
275,3	-0,22
275,4	-0,28
275,5	-0,31
275,6	-0,30
275,7	-0,25
275,8	-0,19
275,9	-0,10
276,0	0,00
276,1	0,10
276,2	0,19
276,3	0,26
276,4	0,30
276,5	0,30
276,6	0,27
276,7	0,22
276,8	0,13
276,9	0,04
277,0	-0,06
277,1	-0,15
277,2	-0,23
277,3	-0,28
277,4	-0,29
277,5	-0,29
277,6	-0,24
277,7	-0,17
277,8	-0,08
277,9	0,02
278,0	0,11
278,1	0,19
278,2	0,26
278,3	0,29
278,4	0,29
278,5	0,26
278,6	0,19
278,7	0,11
278,8	0,02
278,9	-0,08
279,0	-0,17
279,1	-0,23
279,2	-0,28
279,3	-0,29
279,4	-0,27
279,5	-0,22
279,6	-0,15
279,7	-0,06
279,8	0,03
279,9	0,13
280,0	0,20
280,1	0,26
280,2	0,28
280,3	0,27
280,4	0,24
280,5	0,18
280,6	0,09
280,7	0,00
280,8	-0,09
280,9	-0,17
281,0	-0,24
281,1	-0,27
281,2	-0,28
281,3	-0,25
281,4	-0,20
281,5	-0,13
281,6	-0,04
281,7	0,05
281,8	0,14
281,9	0,21
282,0	0,26
282,1	0,27
282,2	0,27
282,3	0,22
282,4	0,15
282,5	0,07
282,6	-0,01
282,7	-0,10
282,8	-0,18
282,9	-0,24
283,0	-0,27
283,1	-0,27
283,2	-0,24
283,3	-0,18
283,4	-0,11
283,5	-0,02
283,6	0,07
283,7	0,15
283,8	0,21
283,9	0,25
284,0	0,27
284,1	0,25
284,2	0,20
284,3	0,14
284,4	0,06
284,5	-0,03
284,6	-0,12
284,7	-0,19
284,8	-0,24
284,9	-0,26
285,0	-0,25
285,1	-0,22
285,2	-0,17
285,3	-0,09
285,4	-0,01
285,5	0,08
285,6	0,15
285,7	0,22
285,8	0,25
285,9	0,26
286,0	0,23
286,1	0,19
286,2	0,12
286,3	0,04
286,4	-0,05
286,5	-0,13
286,6	-0,19
286,7	-0,23
286,8	-0,25
286,9	-0,25
287,0	-0,21
287,1	-0,15
287,2	-0,07
287,3	0,01
287,4	0,09
287,5	0,16
287,6	0,22
287,7	0,24
287,8	0,24
287,9	0,22
288,0	0,17
288,1	0,10
288,2	0,02
288,3	-0,06
288,4	-0,13
288,5	-0,19
288,6	-0,23
288,7	-0,25
288,8	-0,23
288,9	-0,19
289,0	-0,13
289,1	-0,05
289,2	0,03
289,3	0,11
289,4	0,17
289,5	0,21
289,6	0,23
289,7	0,23
289,8	0,20
289,9	0,15
290,0	0,08
290,1	0,01
290,2	-0,07
290,3	-0,14
290,4	-0,20
290,5	-0,23
290,6	-0,23
290,7	-0,21
290,8	-0,17
290,9	-0,11
291,0	-0,04
291,1	0,04
291,2	0,11
291,3	0,17
291,4	0,21
291,5	0,23
291,6	0,22
291,7	0,19
291,8	0,14
291,9	0,07
292,0	-0,01
292,1	-0,08
292,2	-0,15
292,3	-0,20
292,4	-0,22
292,5	-0,22
292,6	-0,20
292,7	-0,16
292,8	-0,09
292,9	-0,02
293,0	0,05
293,1	0,12
293,2	0,17
293,3	0,21
293,4	0,22
293,5	0,21
293,6	0,17
293,7	0,12
293,8	0,05
293,9	-0,02
294,0	-0,09
294,1	-0,15
294,2	-0,19
294,3	-0,21
294,4	-0,21
294,5	-0,19
294,6	-0,14
294,7	-0,08
294,8	-0,01
294,9	0,06
295,0	0,12
295,1	0,18
295,2	0,20
295,3	0,21
295,4	0,19
295,5	0,16
295,6	0,11
295,7	0,03
295,8	-0,03
295,9	-0,10
296,0	-0,16
296,1	-0,19
296,2	-0,21
296,3	-0,21
296,4	-0,17
296,5	-0,13
296,6	-0,06
296,7	0,01
296,8	0,07
296,9	0,13
297,0	0,18
297,1	0,20
297,2	0,20
297,3	0,19
297,4	0,15
297,5	0,08
297,6	0,02
297,7	-0,05
297,8	-0,11
297,9	-0,16
298,0	-0,19
298,1	-0,20
298,2	-0,19
298,3	-0,16
298,4	-0,11
298,5	-0,05
298,6	0,02
298,7	0,08
298,8	0,14
298,9	0,18
299,0	0,19
299,1	0,19
299,2	0,17
299,3	0,12
299,4	0,07
299,5	0,00
299,6	-0,06
299,7	-0,12
299,8	-0,16
299,9	-0,19
300,0	-0,19
300,1	-0,17
300,2	-0,14
300,3	-0,09
300,4	-0,03
300,5	0,03
300,6	0,09
300,7	0,14
300,8	0,18
300,9	0,19
301,0	0,18
301,1	0,15
301,2	0,11
301,3	0,06
301,4	-0,01
301,5	-0,07
301,6	-0,12
301,7	-0,16
301,8	-0,18
301,9	-0,18
302,0	-0,17
302,1	-0,13
302,2	-0,08
302,3	-0,01
302,4	0,04
302,5	0,10
302,6	0,15
302,7	0,17
302,8	0,18
302,9	0,17
303,0	0,14
303,1	0,10
303,2	0,04
303,3	-0,02
303,4	-0,08
303,5	-0,13
303,6	-0,16
303,7	-0,17
303,8	-0,17
303,9	-0,15
304,0	-0,11
304,1	-0,06
304,2	-0,01
304,3	0,05
304,4	0,11
304,5	0,15
304,6	0,17
304,7	0,17
304,8	0,16
304,9	0,13
305,0	0,08
305,1	0,03
305,2	-0,03
305,3	-0,09
305,4	-0,13
305,5	-0,16
305,6	-0,17
305,7	-0,17
305,8	-0,14
305,9	-0,10
306,0	-0,05
306,1	0,01
306,2	0,06
306,3	0,11
306,4	0,15
306,5	0,16
306,6	0,17
306,7	0,15
306,8	0,11
306,9	0,07
307,0	0,01
307,1	-0,04
307,2	-0,09
307,3	-0,13
307,4	-0,16
307,5	-0,17
307,6	-0,15
307,7	-0,13
307,8	-0,09
307,9	-0,04
308,0	0,02
308,1	0,07
308,2	0,11
308,3	0,15
308,4	0,16
308,5	0,15
308,6	0,14
308,7	0,10
308,8	0,06
308,9	0,00
309,0	-0,05
309,1	-0,09
309,2	-0,13
309,3	-0,15
309,4	-0,16
309,5	-0,14
309,6	-0,12
309,7	-0,07
309,8	-0,02
309,9	0,03
310,0	0,07
310,1	0,11
310,2	0,14
310,3	0,15
310,4	0,15
310,5	0,13
310,6	0,09
310,7	0,04
310,8	-0,01
310,9	-0,05
311,0	-0,10
311,1	-0,13
311,2	-0,15
311,3	-0,15
311,4	-0,13
311,5	-0,10
311,6	-0,06
311,7	-0,01
311,8	0,03
311,9	0,08
312,0	0,11
312,1	0,14
312,2	0,15
312,3	0,14
312,4	0,11
312,5	0,07
312,6	0,03
312,7	-0,01
312,8	-0,06
312,9	-0,10
313,0	-0,13
313,1	-0,14
313,2	-0,14
313,3	-0,13
313,4	-0,09
313,5	-0,05
313,6	-0,01
313,7	0,04
313,8	0,08
313,9	0,11
314,0	0,14
314,1	0,14
314,2	0,13
314,3	0,11
314,4	0,07
314,5	0,03
314,6	-0,02
314,7	-0,07
314,8	-0,10
314,9	-0,13
315,0	-0,13
315,1	-0,13
315,2	-0,11
315,3	-0,08
315,4	-0,04
315,5	0,00
315,6	0,05
315,7	0,09
315,8	0,11
315,9	0,13
316,0	0,13
316,1	0,12
316,2	0,09
316,3	0,06
316,4	0,01
316,5	-0,03
316,6	-0,07
316,7	-0,10
316,8	-0,13
316,9	-0,13
317,0	-0,13
317,1	-0,10
317,2	-0,07
317,3	-0,03
317,4	0,01
317,5	0,06
317,6	0,09
317,7	0,11
317,8	0,13
317,9	0,13
318,0	0,11
318,1	0,08
318,2	0,04
318,3	0,00
318,4	-0,04
318,5	-0,08
318,6	-0,10
318,7	-0,12
318,8	-0,13
318,9	-0,12
319,0	-0,09
319,1	-0,06
319,2	-0,02
319,3	0,02
319,4	0,06
319,5	0,09
319,6	0,11
319,7	0,12
319,8	0,12
319,9	0,10
320,0	0,07
320,1	0,03
320,2	-0,01
320,3	-0,05
320,4	-0,08
320,5	-0,10
320,6	-0,12
320,7	-0,12
320,8	-0,11
320,9	-0,09
321,0	-0,05
321,1	-0,01
321,2	0,03
321,3	0,07
321,4	0,09
321,5	0,11
321,6	0,11
321,7	0,11
321,8	0,09
321,9	0,06
322,0	0,03
322,1	-0,01
322,2	-0,05
322,3	-0,08
322,4	-0,10
322,5	-0,11
322,6	-0,11
322,7	-0,10
322,8	-0,07
322,9	-0,04
323,0	-0,01
323,1	0,03
323,2	0,07
323,3	0,09
323,4	0,11
323,5	0,11
323,6	0,10
323,7	0,08
323,8	0,05
323,9	0,02
324,0	-0,02
324,1	-0,05
324,2	-0,08
324,3	-0,10
324,4	-0,11
324,5	-0,10
324,6	-0,09
324,7	-0,06
324,8	-0,03
324,9	0,00
325,0	0,04
325,1	0,07
325,2	0,09
325,3	0,10
325,4	0,11
325,5	0,09
325,6	0,07
325,7	0,04
325,8	0,01
325,9	-0,02
326,0	-0,05
326,1	-0,08
326,2	-0,09
326,3	-0,10
326,4	-0,09
326,5	-0,08
326,6	-0,05
326,7	-0,02
326,8	0,01
326,9	0,04
327,0	0,07
327,1	0,09
327,2	0,10
327,3	0,10
327,4	0,08
327,5	0,07
327,6	0,03
327,7	0,00
327,8	-0,03
327,9	-0,06
328,0	-0,08
328,1	-0,09
328,2	-0,09
328,3	-0,09
328,4	-0,07
328,5	-0,05
328,6	-0,01
328,7	0,02
328,8	0,04
328,9	0,07
329,0	0,09
329,1	0,09
329,2	0,09
329,3	0,07
329,4	0,06
329,5	0,03
329,6	-0,01
329,7	-0,03
329,8	-0,06
329,9	-0,08
330,0	-0,09
330,1	-0,09
330,2	-0,08
330,3	-0,06
330,4	-0,04
330,5	-0,01
330,6	0,02
330,7	0,05
330,8	0,07
330,9	0,08
331,0	0,09
331,1	0,08
331,2	0,07
331,3	0,05
331,4	0,02
331,5	-0,01
331,6	-0,04
331,7	-0,06
331,8	-0,08
331,9	-0,09
332,0	-0,09
332,1	-0,07
332,2	-0,05
332,3	-0,03
332,4	-0,01
332,5	0,03
332,6	0,05
332,7	0,07
332,8	0,08
332,9	0,08
333,0	0,07
333,1	0,06
333,2	0,04
333,3	0,01
333,4	-0,01
333,5	-0,04
333,6	-0,06
333,7	-0,07
333,8	-0,08
333,9	-0,08
334,0	-0,06
334,1	-0,05
334,2	-0,02
334,3	0,00
334,4	0,03
334,5	0,05
334,6	0,07
334,7	0,07
334,8	0,07
334,9	0,07
335,0	0,05
335,1	0,03
335,2	0,01
335,3	-0,01
335,4	-0,04
335,5	-0,05
335,6	-0,07
335,7	-0,07
335,8	-0,07
335,9	-0,06
336,0	-0,04
336,1	-0,02
336,2	0,01
336,3	0,03
336,4	0,05
336,5	0,06
336,6	0,07
336,7	0,07
336,8	0,06
336,9	0,05
337,0	0,03
337,1	0,00
337,2	-0,02
337,3	-0,04
337,4	-0,05
337,5	-0,06
337,6	-0,07
337,7	-0,06
337,8	-0,05
337,9	-0,03
338,0	-0,01
338,1	0,01
338,2	0,03
338,3	0,05
338,4	0,06
338,5	0,07
338,6	0,07
338,7	0,05
338,8	0,04
338,9	0,02
339,0	0,00
339,1	-0,02
339,2	-0,04
339,3	-0,05
339,4	-0,06
339,5	-0,06
339,6	-0,05
339,7	-0,05
339,8	-0,03
339,9	-0,01
340,0	0,01
340,1	0,03
340,2	0,05
340,3	0,06
340,4	0,06
340,5	0,06
340,6	0,05
340,7	0,03
340,8	0,02
340,9	-0,01
341,0	-0,02
341,1	-0,04
341,2	-0,05
341,3	-0,05
341,4	-0,05
341,5	-0,05
341,6	-0,04
341,7	-0,02
341,8	-0,01
341,9	0,02
342,0	0,03
342,1	0,04
342,2	0,05
342,3	0,05
342,4	0,05
342,5	0,04
342,6	0,03
342,7	0,01
342,8	-0,01
342,9	-0,02
343,0	-0,04
343,1	-0,05
343,2	-0,05
343,3	-0,05
343,4	-0,05
343,5	-0,03
343,6	-0,01
343,7	0,00
343,8	0,02
343,9	0,03
344,0	0,04
344,1	0,05
344,2	0,05
344,3	0,04
344,4	0,03
344,5	0,02
344,6	0,01
344,7	-0,01
344,8	-0,02
344,9	-0,03
345,0	-0,04
345,1	-0,05
345,2	-0,05
345,3	-0,03
345,4	-0,02
345,5	-0,01
345,6	0,00
345,7	0,02
345,8	0,03
345,9	0,03
346,0	0,04
346,1	0,04
346,2	0,03
346,3	0,03
346,4	0,02
346,5	0,00
346,6	-0,01
346,7	-0,02
346,8	-0,03
346,9	-0,04
347,0	-0,04
347,1	-0,04
347,2	-0,03
347,3	-0,02
347,4	-0,01
347,5	0,01
347,6	0,02
347,7	0,03
347,8	0,03
347,9	0,03
348,0	0,03
348,1	0,03
348,2	0,02
348,3	0,01
348,4	0,00
348,5	-0,01
348,6	-0,02
348,7	-0,03
348,8	-0,03
348,9	-0,03
349,0	-0,03
349,1	-0,02
349,2	-0,01
349,3	-0,01
349,4	0,01
349,5	0,02
349,6	0,03
349,7	0,03
349,8	0,03
349,9	0,03
350,0	0,03
350,1	0,02
350,2	0,01
350,3	-0,01
350,4	-0,01
350,5	-0,02
350,6	-0,03
350,7	-0,03
350,8	-0,03
350,9	-0,02
351,0	-0,02
351,1	-0,01
351,2	0,00
351,3	0,01
351,4	0,02
351,5	0,02
351,6	0,03
351,7	0,03
351,8	0,03
351,9	0,02
352,0	0,01
352,1	0,00
352,2	-0,01
352,3	-0,01
352,4	-0,01
352,5	-0,02
352,6	-0,02
352,7	-0,02
352,8	-0,02
352,9	-0,01
353,0	-0,01
353,1	0,00
353,2	0,01
353,3	0,01
353,4	0,02
353,5	0,02
353,6	0,02
353,7	0,02
353,8	0,02
353,9	0,01
354,0	0,00
354,1	-0,01
354,2	-0,01
354,3	-0,01
354,4	-0,01
354,5	-0,02
354,6	-0,02
354,7	-0,01
354,8	-0,01
354,9	-0,01
355,0	0,00
355,1	0,01
355,2	0,01
355,3	0,01
355,4	0,02
355,5	0,02
355,6	0,01
355,7	0,01
355,8	0,01
355,9	0,00
356,0	-0,01
356,1	-0,01
356,2	-0,01
356,3	-0,01
356,4	-0,01
356,5	-0,01
356,6	-0,01
356,7	-0,01
356,8	-0,01
356,9	0,00
357,0	0,01
357,1	0,01
357,2	0,01
357,3	0,01
357,4	0,01
357,5	0,01
357,6	0,01
357,7	0,00
357,8	0,00
357,9	-0,01
358,0	-0,01
358,1	-0,01
358,2	-0,01
358,3	-0,01
358,4	-0,01
358,5	-0,01
358,6	-0,01
358,7	0,00
358,8	0,00
358,9	0,00
359,0	0,01
359,1	0,01
359,2	0,01
359,3	0,01
359,4	0,01
359,5	0,00
359,6	0,00
359,7	0,00
359,8	0,00
359,9	-0,01
360,0	-0,01
360,1	-0,01
360,2	-0,01
360,3	-0,01
360,4	-0,01
360,5	-0,01
360,6	0,00
360,7	0,00
360,8	0,00
360,9	0,00
361,0	0,00
361,1	0,00
361,2	0,00
361,3	0,00
361,4	0,00
361,5	0,00
361,6	0,00
361,7	0,00
361,8	0,00
361,9	0,00
362,0	0,00
362,1	0,00
362,2	0,00
362,3	0,00
362,4	0,00
362,5	0,00
362,6	0,00
362,7	0,00
362,8	0,00
362,9	0,00
363,0	0,00
363,1	0,00
363,2	0,00
363,3	0,00
363,4	0,00
363,5	0,00
363,6	0,00
363,7	0,00
363,8	0,00
363,9	0,00
364,0	0,00
364,1	0,00
364,2	0,00
364,3	0,00
364,4	0,00
364,5	0,00
364,6	0,00
364,7	0,00
364,8	0,00
364,9	0,00
365,0	0,00
365,1	0,00
365,2	0,00
365,3	0,00
365,4	0,00
365,5	0,00
365,6	0,00
365,7	0,00
365,8	0,00
365,9	0,00
366,0	0,00
366,1	0,00
366,2	0,00
366,3	0,00
366,4	0,00
366,5	0,00
366,6	0,00
366,7	0,00
366,8	0,00
366,9	0,00
367,0	0,00
367,1	0,00
367,2	0,00
367,3	0,00
367,4	0,00
367,5	0,00
367,6	0,00
367,7	0,00
367,8	0,00
367,9	0,00
368,0	0,00
368,1	0,00
368,2	0,00
368,3	0,00
368,4	0,00
368,5	0,00
368,6	0,00
368,7	0,00
368,8	0,00
368,9	0,00
369,0	0,00
369,1	0,00
369,2	0,00
369,3	0,00
369,4	0,00
369,5	0,00
369,6	0,00
369,7	0,00
369,8	0,00
369,9	0,00
370,0	0,00
370,1	0,00
370,2	0,00
370,3	0,00
370,4	0,00
370,5	0,00
370,6	0,00
370,7	0,00
370,8	0,00
370,9	0,00
371,0	0,00
371,1	0,00
371,2	0,00
371,3	0,00
371,4	0,00
371,5	0,00
371,6	0,00
371,7	0,00
371,8	0,00
371,9	0,00
372,0	0,00
372,1	0,00
372,2	0,00
372,3	0,00
372,4	0,00
372,5	0,00
372,6	0,00
372,7	0,00
372,8	0,00
372,9	0,00
373,0	0,00
373,1	0,00
373,2	0,00
373,3	0,00
373,4	0,00
373,5	0,00
373,6	0,00
373,7	0,00
373,8	0,00
373,9	0,00
374,0	0,00
374,1	0,00
374,2	0,00
374,3	0,00
374,4	0,00
374,5	0,00
374,6	0,00
374,7	0,00
374,8	0,00
374,9	0,00
375,0	0,00
375,1	0,00
375,2	0,00
375,3	0,00
375,4	0,00
375,5	0,00
375,6	0,00
375,7	0,00
375,8	0,00
375,9	0,00
376,0	0,00
376,1	0,00
376,2	0,00
376,3	0,00
376,4	0,00
376,5	0,00
376,6	0,00
376,7	0,00
376,8	0,00
376,9	0,00
377,0	0,00
377,1	0,00
377,2	0,00
377,3	0,00
377,4	0,00
377,5	0,00
377,6	0,00
377,7	0,00
377,8	0,00
377,9	0,00
378,0	0,00
378,1	0,00
378,2	0,00
378,3	0,00
378,4	0,00
378,5	0,00
378,6	0,00
378,7	0,00
378,8	0,00
378,9	0,00
379,0	0,00
379,1	0,00
379,2	0,00
379,3	0,00
379,4	0,00
379,5	0,00
379,6	0,00
379,7	0,00
379,8	0,00
379,9	0,00
380,0	0,00
380,1	0,00
380,2	0,00
380,3	0,00
380,4	0,00
380,5	0,00
380,6	0,00
380,7	0,00
380,8	0,00
380,9	0,00
381,0	0,00
381,1	0,00
381,2	0,00
381,3	0,00
381,4	0,00
381,5	0,00
381,6	0,00
381,7	0,00
381,8	0,00
381,9	0,00
382,0	0,00
382,1	0,00
382,2	0,00
382,3	0,00
382,4	0,00
382,5	0,00
382,6	0,00
382,7	0,00
382,8	0,00
382,9	0,00
383,0	0,00
383,1	0,00
383,2	0,00
383,3	0,00
383,4	0,00
